03/10/2004:02:26:46PM:00000052.006:INFOR:Created log file (C:\ActiveRide\VB6 Source\LogFiles\LOG_03102004_142646.TXT)
03/10/2004:02:26:46PM:00000052.006:DEBUG:Loading Error Handling Form.
03/10/2004:02:26:46PM:00000052.006:DEBUG:Get All Parameters - CCM
03/10/2004:02:26:46PM:00000052.006:DEBUG:TX:11 0 160 1 3 0 0 0 0 0 251
03/10/2004:02:26:46PM:00000052.006:DEBUG:Get All Parameters - Left Front
03/10/2004:02:26:46PM:00000052.006:DEBUG:TX:11 0 161 2 3 0 0 0 0 0 249
03/10/2004:02:26:46PM:00000052.006:DEBUG:Get All Parameters - Right Front
03/10/2004:02:26:46PM:00000052.006:DEBUG:TX:11 0 162 4 3 0 0 0 0 0 246
03/10/2004:02:26:46PM:00000052.006:DEBUG:Get All Parameters - Left Rear
03/10/2004:02:26:46PM:00000052.006:DEBUG:TX:11 0 163 8 3 0 0 0 0 0 241
03/10/2004:02:26:46PM:00000052.006:DEBUG:Get All Parameters - Right Rear
03/10/2004:02:26:46PM:00000052.006:DEBUG:TX:11 0 164 16 3 0 0 0 0 0 232
03/10/2004:02:26:46PM:00000052.006:DEBUG:Get Error Messages
03/10/2004:02:26:46PM:00000052.006:DEBUG:TX:11 0 165 1 18 0 0 0 0 0 231
03/10/2004:02:26:46PM:00000052.006:DEBUG:Loading Replace Form.
03/10/2004:02:26:46PM:00000052.006:DEBUG:RX:4 0 101 65 (0)ACK
03/10/2004:02:26:46PM:00000052.007:DEBUG:TX:4 0 103 63
03/10/2004:02:26:46PM:00000052.007:DEBUG:RX:11 0 167 1 2 180 88 2 0 0 231 (0)SET
03/10/2004:02:26:46PM:00000052.007:DEBUG:TX:4 0 104 62
03/10/2004:02:26:46PM:00000052.007:DEBUG:RX:11 0 168 1 2 181 100 0 0 0 219 (0)SET
03/10/2004:02:26:46PM:00000052.007:DEBUG:TX:4 0 105 61
03/10/2004:02:26:46PM:00000052.007:DEBUG:RX:11 0 169 1 2 182 150 0 0 0 167 (0)SET
03/10/2004:02:26:46PM:00000052.007:DEBUG:TX:4 0 106 60
03/10/2004:02:26:46PM:00000052.007:DEBUG:RX:11 0 170 1 2 183 100 0 0 0 215 (0)SET
03/10/2004:02:26:46PM:00000052.007:DEBUG:TX:4 0 107 59
03/10/2004:02:26:46PM:00000052.007:DEBUG:RX:11 0 171 1 2 184 150 0 0 0 163 (0)SET
03/10/2004:02:26:46PM:00000052.007:DEBUG:TX:4 0 108 58
03/10/2004:02:26:46PM:00000052.007:DEBUG:RX:11 0 172 1 2 185 0 0 0 0 55 (0)SET
03/10/2004:02:26:46PM:00000052.007:DEBUG:TX:4 0 109 57
03/10/2004:02:26:46PM:00000052.007:DEBUG:RX:11 0 173 1 2 186 88 2 0 0 219 (0)SET
03/10/2004:02:26:46PM:00000052.007:DEBUG:TX:4 0 110 56
03/10/2004:02:26:46PM:00000052.007:DEBUG:RX:11 0 174 1 2 187 50 0 0 0 1 (0)SET
03/10/2004:02:26:47PM:00000052.007:DEBUG:TX:4 0 111 55
03/10/2004:02:26:47PM:00000052.007:DEBUG:RX:11 0 175 1 2 188 50 0 0 0 255 (0)SET
03/10/2004:02:26:47PM:00000052.008:DEBUG:TX:4 0 96 70
03/10/2004:02:26:47PM:00000052.008:DEBUG:RX:11 0 160 1 2 189 5 0 0 0 58 (0)SET
03/10/2004:02:26:47PM:00000052.008:DEBUG:TX:4 0 97 69
03/10/2004:02:26:47PM:00000052.008:DEBUG:RX:11 0 161 1 2 190 0 0 0 0 61 (0)SET
03/10/2004:02:26:47PM:00000052.008:DEBUG:TX:4 0 98 68
03/10/2004:02:26:47PM:00000052.008:DEBUG:RX:11 0 162 1 2 191 50 0 0 0 9 (0)SET
03/10/2004:02:26:47PM:00000052.008:DEBUG:TX:4 0 99 67
03/10/2004:02:26:47PM:00000052.008:DEBUG:RX:11 0 163 1 2 192 1 0 0 0 56 (0)SET
03/10/2004:02:26:47PM:00000052.008:DEBUG:TX:4 0 100 66
03/10/2004:02:26:47PM:00000052.008:DEBUG:RX:11 0 164 1 2 101 1 0 0 0 146 (0)SET
03/10/2004:02:26:47PM:00000052.008:DEBUG:TX:4 0 101 65
03/10/2004:02:26:47PM:00000052.008:DEBUG:RX:11 0 165 1 2 102 1 0 0 0 144 (0)SET
03/10/2004:02:26:47PM:00000052.008:DEBUG:TX:4 0 102 64
03/10/2004:02:26:47PM:00000052.008:DEBUG:RX:11 0 166 1 2 103 1 0 0 0 142 (0)SET
03/10/2004:02:26:47PM:00000052.008:DEBUG:TX:4 0 103 63
03/10/2004:02:26:47PM:00000052.008:DEBUG:RX:11 0 167 1 2 104 1 0 0 0 140 (0)SET
03/10/2004:02:26:47PM:00000052.008:DEBUG:TX:4 0 104 62
03/10/2004:02:26:47PM:00000052.008:DEBUG:RX:11 0 168 1 2 105 1 0 0 0 138 (0)SET
03/10/2004:02:26:48PM:00000052.008:DEBUG:TX:4 0 105 61
03/10/2004:02:26:48PM:00000052.008:DEBUG:RX:11 0 169 1 2 106 1 0 0 0 136 (0)SET
03/10/2004:02:26:48PM:00000052.008:DEBUG:TX:4 0 106 60
03/10/2004:02:26:48PM:00000052.008:DEBUG:RX:11 0 170 1 2 107 1 0 0 0 134 (0)SET
03/10/2004:02:26:48PM:00000052.008:DEBUG:TX:4 0 107 59
03/10/2004:02:26:48PM:00000052.008:DEBUG:RX:11 0 171 1 2 108 1 0 0 0 132 (0)SET
03/10/2004:02:26:48PM:00000052.008:DEBUG:TX:4 0 108 58
03/10/2004:02:26:48PM:00000052.008:DEBUG:RX:11 0 172 1 2 109 1 0 0 0 130 (0)SET
03/10/2004:02:26:48PM:00000052.008:DEBUG:TX:4 0 109 57
03/10/2004:02:26:48PM:00000052.008:DEBUG:RX:11 0 173 1 2 209 100 0 0 0 186 (0)SET
03/10/2004:02:26:48PM:00000052.008:DEBUG:TX:4 0 110 56
03/10/2004:02:26:48PM:00000052.008:DEBUG:RX:11 0 174 1 2 210 44 1 0 0 239 (0)SET
03/10/2004:02:26:48PM:00000052.008:DEBUG:TX:4 0 111 55
03/10/2004:02:26:48PM:00000052.008:DEBUG:RX:11 0 175 1 2 211 200 0 0 0 82 (0)SET
03/10/2004:02:26:48PM:00000052.008:DEBUG:TX:4 0 96 70
03/10/2004:02:26:48PM:00000052.008:DEBUG:RX:11 0 160 1 2 212 1 0 0 0 39 (0)SET
03/10/2004:02:26:48PM:00000052.009:DEBUG:TX:4 0 97 69
03/10/2004:02:26:48PM:00000052.009:DEBUG:RX:11 0 161 1 2 213 0 0 0 0 38 (0)SET
03/10/2004:02:26:48PM:00000052.009:DEBUG:TX:4 0 98 68
03/10/2004:02:26:48PM:00000052.009:DEBUG:RX:11 0 162 1 2 214 97 128 0 0 67 (0)SET
03/10/2004:02:26:48PM:00000052.009:DEBUG:TX:4 0 99 67
03/10/2004:02:26:48PM:00000052.009:DEBUG:RX:11 0 163 1 2 215 180 132 198 0 36 (0)SET
03/10/2004:02:26:48PM:00000052.009:DEBUG:TX:4 0 100 66
03/10/2004:02:26:48PM:00000052.009:DEBUG:RX:11 0 164 1 2 216 0 0 0 0 32 (0)SET
03/10/2004:02:26:48PM:00000052.009:DEBUG:TX:4 0 101 65
03/10/2004:02:26:48PM:00000052.009:DEBUG:RX:11 0 165 1 2 217 0 0 0 0 30 (0)SET
03/10/2004:02:26:48PM:00000052.009:DEBUG:TX:4 0 102 64
03/10/2004:02:26:48PM:00000052.009:DEBUG:RX:11 0 166 1 2 218 1 0 0 0 27 (0)SET
03/10/2004:02:26:48PM:00000052.009:DEBUG:TX:4 0 103 63
03/10/2004:02:26:48PM:00000052.009:DEBUG:RX:11 0 167 1 2 219 0 0 0 0 26 (0)SET
03/10/2004:02:26:48PM:00000052.009:DEBUG:TX:4 0 104 62
03/10/2004:02:26:48PM:00000052.009:DEBUG:RX:11 0 168 1 2 220 1 0 0 0 23 (0)SET
03/10/2004:02:26:49PM:00000052.009:DEBUG:TX:4 0 105 61
03/10/2004:02:26:49PM:00000052.009:DEBUG:RX:11 0 169 1 2 221 1 0 0 0 21 (0)SET
03/10/2004:02:26:49PM:00000052.009:DEBUG:TX:4 0 106 60
03/10/2004:02:26:49PM:00000052.009:DEBUG:RX:11 0 170 1 2 85 1 0 0 0 156 (0)SET
03/10/2004:02:26:49PM:00000052.009:DEBUG:TX:4 0 107 59
03/10/2004:02:26:49PM:00000052.009:DEBUG:RX:11 0 171 1 2 222 0 0 0 0 19 (0)SET
03/10/2004:02:26:49PM:00000052.009:DEBUG:TX:4 0 108 58
03/10/2004:02:26:49PM:00000052.009:DEBUG:RX:11 0 172 1 2 223 200 0 0 0 73 (0)SET
03/10/2004:02:26:49PM:00000052.009:DEBUG:TX:4 0 109 57
03/10/2004:02:26:49PM:00000052.009:DEBUG:RX:11 0 173 1 2 224 16 0 0 0 255 (0)SET
03/10/2004:02:26:49PM:00000052.009:DEBUG:TX:4 0 110 56
03/10/2004:02:26:49PM:00000052.009:DEBUG:RX:11 0 174 1 2 225 0 0 0 0 13 (0)SET
03/10/2004:02:26:49PM:00000052.009:DEBUG:TX:4 0 111 55
03/10/2004:02:26:49PM:00000052.009:DEBUG:RX:11 0 175 1 2 226 100 0 0 0 167 (0)SET
03/10/2004:02:26:49PM:00000052.009:DEBUG:TX:4 0 96 70
03/10/2004:02:26:49PM:00000052.009:DEBUG:RX:11 0 160 1 2 227 151 254 255 255 134 (0)SET
03/10/2004:02:26:49PM:00000052.010:DEBUG:TX:4 0 97 69
03/10/2004:02:26:49PM:00000052.010:DEBUG:RX:11 0 161 1 2 228 162 254 255 255 121 (0)SET
03/10/2004:02:26:49PM:00000052.010:DEBUG:TX:4 0 98 68
03/10/2004:02:26:49PM:00000052.010:DEBUG:RX:11 0 162 1 2 229 15 0 0 0 6 (0)SET
03/10/2004:02:26:49PM:00000052.010:DEBUG:TX:4 0 99 67
03/10/2004:02:26:49PM:00000052.010:DEBUG:RX:11 0 163 1 2 230 168 253 255 255 112 (0)SET
03/10/2004:02:26:49PM:00000052.010:DEBUG:TX:4 0 100 66
03/10/2004:02:26:49PM:00000052.010:DEBUG:RX:11 0 164 1 2 231 168 253 255 255 110 (0)SET
03/10/2004:02:26:49PM:00000052.010:DEBUG:TX:4 0 101 65
03/10/2004:02:26:49PM:00000052.010:DEBUG:RX:11 0 165 1 2 232 206 255 255 255 68 (0)SET
03/10/2004:02:26:49PM:00000052.010:DEBUG:TX:4 0 102 64
03/10/2004:02:26:49PM:00000052.010:DEBUG:RX:11 0 166 1 2 233 206 255 255 255 66 (0)SET
03/10/2004:02:26:49PM:00000052.010:DEBUG:TX:4 0 103 63
03/10/2004:02:26:49PM:00000052.010:DEBUG:RX:11 0 167 1 2 234 100 0 0 0 167 (0)SET
03/10/2004:02:26:49PM:00000052.010:DEBUG:TX:4 0 104 62
03/10/2004:02:26:49PM:00000052.010:DEBUG:RX:11 0 168 1 2 235 100 0 0 0 165 (0)SET
03/10/2004:02:26:49PM:00000052.010:DEBUG:TX:4 0 105 61
03/10/2004:02:26:49PM:00000052.010:DEBUG:RX:11 0 169 1 2 236 100 0 0 0 163 (0)SET
03/10/2004:02:26:50PM:00000052.010:DEBUG:TX:4 0 106 60
03/10/2004:02:26:50PM:00000052.010:DEBUG:RX:11 0 170 1 2 237 100 0 0 0 161 (0)SET
03/10/2004:02:26:50PM:00000052.010:DEBUG:TX:4 0 107 59
03/10/2004:02:26:50PM:00000052.010:DEBUG:RX:11 0 171 1 2 238 100 0 0 0 159 (0)SET
03/10/2004:02:26:50PM:00000052.010:DEBUG:TX:4 0 108 58
03/10/2004:02:26:50PM:00000052.010:DEBUG:RX:11 0 172 1 2 239 100 0 0 0 157 (0)SET
03/10/2004:02:26:50PM:00000052.010:DEBUG:TX:4 0 109 57
03/10/2004:02:26:50PM:00000052.010:DEBUG:RX:11 0 173 1 2 240 100 0 0 0 155 (0)SET
03/10/2004:02:26:50PM:00000052.010:DEBUG:TX:4 0 110 56
03/10/2004:02:26:50PM:00000052.010:DEBUG:RX:11 0 174 1 2 241 100 0 0 0 153 (0)SET
03/10/2004:02:26:50PM:00000052.010:DEBUG:TX:4 0 111 55
03/10/2004:02:26:50PM:00000052.010:DEBUG:RX:11 0 175 1 2 242 40 0 0 0 211 (0)SET
03/10/2004:02:26:50PM:00000052.010:DEBUG:TX:4 0 96 70
03/10/2004:02:26:50PM:00000052.010:DEBUG:RX:11 0 160 1 2 243 0 0 0 0 9 (0)SET
03/10/2004:02:26:50PM:00000052.010:DEBUG:TX:4 0 97 69
03/10/2004:02:26:50PM:00000052.010:DEBUG:RX:11 0 161 1 2 244 0 0 0 0 7 (0)SET
03/10/2004:02:26:50PM:00000052.011:DEBUG:TX:4 0 98 68
03/10/2004:02:26:50PM:00000052.011:DEBUG:RX:11 0 162 1 2 245 50 0 0 0 211 (0)SET
03/10/2004:02:26:50PM:00000052.011:DEBUG:TX:4 0 99 67
03/10/2004:02:26:50PM:00000052.011:DEBUG:RX:11 0 163 1 2 246 50 0 0 0 209 (0)SET
03/10/2004:02:26:50PM:00000052.011:DEBUG:TX:4 0 100 66
03/10/2004:02:26:50PM:00000052.011:DEBUG:RX:11 0 164 1 2 247 100 0 0 0 157 (0)SET
03/10/2004:02:26:50PM:00000052.011:DEBUG:TX:4 0 101 65
03/10/2004:02:26:50PM:00000052.011:DEBUG:RX:11 0 165 1 2 248 100 0 0 0 155 (0)SET
03/10/2004:02:26:50PM:00000052.011:DEBUG:TX:4 0 102 64
03/10/2004:02:26:50PM:00000052.011:DEBUG:RX:11 0 166 1 2 249 8 1 0 0 244 (0)SET
03/10/2004:02:26:50PM:00000052.011:DEBUG:TX:4 0 103 63
03/10/2004:02:26:50PM:00000052.011:DEBUG:RX:11 0 167 1 2 250 96 0 0 0 155 (0)SET
03/10/2004:02:26:50PM:00000052.011:DEBUG:TX:4 0 104 62
03/10/2004:02:26:50PM:00000052.011:DEBUG:RX:11 0 168 1 2 251 1 0 0 0 248 (0)SET
03/10/2004:02:26:50PM:00000052.011:DEBUG:TX:4 0 105 61
03/10/2004:02:26:50PM:00000052.011:DEBUG:RX:11 0 169 1 2 252 4 0 0 0 243 (0)SET
03/10/2004:02:26:51PM:00000052.011:DEBUG:TX:4 0 106 60
03/10/2004:02:26:51PM:00000052.011:DEBUG:RX:11 0 170 1 2 253 90 0 0 0 155 (0)SET
03/10/2004:02:26:51PM:00000052.011:DEBUG:TX:4 0 107 59
03/10/2004:02:26:51PM:00000052.011:DEBUG:RX:11 0 171 1 2 254 255 0 0 0 244 (0)SET
03/10/2004:02:26:51PM:00000052.011:DEBUG:TX:4 0 108 58
03/10/2004:02:26:51PM:00000052.011:DEBUG:RX:11 0 172 1 2 255 0 0 0 0 241 (0)SET
03/10/2004:02:26:51PM:00000052.011:DEBUG:TX:4 0 109 57
03/10/2004:02:26:51PM:00000052.011:DEBUG:RX:11 0 173 1 2 18 255 255 0 0 223 (0)SET
03/10/2004:02:26:51PM:00000052.011:DEBUG:TX:4 0 110 56
03/10/2004:02:26:51PM:00000052.011:DEBUG:RX:11 0 174 1 2 73 0 0 0 0 165 (0)SET
03/10/2004:02:26:51PM:00000052.011:DEBUG:TX:4 0 111 55
03/10/2004:02:26:51PM:00000052.011:DEBUG:RX:11 0 175 1 2 74 0 0 0 0 163 (0)SET
03/10/2004:02:26:51PM:00000052.011:DEBUG:TX:4 0 96 70
03/10/2004:02:26:51PM:00000052.011:DEBUG:RX:11 0 160 1 2 75 255 0 0 0 178 (0)SET
03/10/2004:02:26:51PM:00000052.011:DEBUG:TX:4 0 97 69
03/10/2004:02:26:51PM:00000052.011:DEBUG:RX:11 0 161 1 2 76 17 0 0 0 158 (0)SET
03/10/2004:02:26:51PM:00000052.011:DEBUG:TX:4 0 98 68
03/10/2004:02:26:51PM:00000052.011:DEBUG:RX:11 0 162 1 2 84 12 48 0 0 106 (0)SET
03/10/2004:02:26:51PM:00000052.012:DEBUG:TX:4 0 99 67
03/10/2004:02:26:51PM:00000052.012:DEBUG:TX:4 0 99 67
03/10/2004:02:26:51PM:00000052.012:DEBUG:RX:34 0 163 1 18 0 0 0 0 0 0 64 0 0 0 128 0 0 0 128 0 0 64 64 0 0 0 0 0 0 0 0 0 18 (0)DIAG
03/10/2004:02:26:51PM:00000052.012:DEBUG:TX:4 0 100 66
03/10/2004:02:26:51PM:00000052.012:DEBUG:RX:11 0 164 2 2 1 25 0 0 0 221 (0)SET
03/10/2004:02:26:51PM:00000052.012:DEBUG:TX:4 0 101 65
03/10/2004:02:26:51PM:00000052.012:DEBUG:RX:11 0 165 4 2 1 25 0 0 0 218 (0)SET
03/10/2004:02:26:51PM:00000052.012:DEBUG:TX:4 0 102 64
03/10/2004:02:26:51PM:00000052.012:DEBUG:RX:11 0 166 2 2 2 100 0 0 0 143 (0)SET
03/10/2004:02:26:51PM:00000052.012:DEBUG:TX:4 0 103 63
03/10/2004:02:26:51PM:00000052.012:DEBUG:RX:11 0 167 4 2 2 100 0 0 0 140 (0)SET
03/10/2004:02:26:51PM:00000052.012:DEBUG:TX:4 0 104 62
03/10/2004:02:26:51PM:00000052.012:DEBUG:RX:11 0 168 8 2 1 25 0 0 0 211 (0)SET
03/10/2004:02:26:51PM:00000052.012:DEBUG:TX:4 0 105 61
03/10/2004:02:26:51PM:00000052.012:DEBUG:RX:11 0 169 4 2 3 100 0 0 0 137 (0)SET
03/10/2004:02:26:51PM:00000052.012:DEBUG:TX:4 0 106 60
03/10/2004:02:26:51PM:00000052.012:DEBUG:RX:11 0 170 2 2 3 100 0 0 0 138 (0)SET
03/10/2004:02:26:52PM:00000052.012:DEBUG:TX:4 0 107 59
03/10/2004:02:26:52PM:00000052.012:DEBUG:RX:11 0 171 4 2 4 100 0 0 0 134 (0)SET
03/10/2004:02:26:52PM:00000052.012:DEBUG:TX:4 0 108 58
03/10/2004:02:26:52PM:00000052.012:DEBUG:RX:11 0 172 2 2 4 100 0 0 0 135 (0)SET
03/10/2004:02:26:52PM:00000052.012:DEBUG:TX:4 0 109 57
03/10/2004:02:26:52PM:00000052.012:DEBUG:RX:11 0 173 4 2 5 1 0 0 0 230 (0)SET
03/10/2004:02:26:52PM:00000052.012:DEBUG:TX:4 0 110 56
03/10/2004:02:26:52PM:00000052.012:DEBUG:RX:11 0 174 4 2 6 40 0 0 0 189 (0)SET
03/10/2004:02:26:52PM:00000052.012:DEBUG:TX:4 0 111 55
03/10/2004:02:26:52PM:00000052.012:DEBUG:RX:11 0 175 8 2 2 100 0 0 0 128 (0)SET
03/10/2004:02:26:52PM:00000052.012:DEBUG:TX:4 0 96 70
03/10/2004:02:26:52PM:00000052.012:DEBUG:RX:11 0 160 2 2 5 1 0 0 0 245 (0)SET
03/10/2004:02:26:52PM:00000052.012:DEBUG:TX:4 0 97 69
03/10/2004:02:26:52PM:00000052.012:DEBUG:RX:11 0 161 2 2 6 40 0 0 0 204 (0)SET
03/10/2004:02:26:52PM:00000052.012:DEBUG:TX:4 0 98 68
03/10/2004:02:26:52PM:00000052.012:DEBUG:RX:11 0 162 4 2 7 25 0 0 0 215 (0)SET
03/10/2004:02:26:52PM:00000052.013:DEBUG:TX:4 0 99 67
03/10/2004:02:26:52PM:00000052.013:DEBUG:RX:11 0 163 8 2 3 100 0 0 0 139 (0)SET
03/10/2004:02:26:52PM:00000052.013:DEBUG:TX:4 0 100 66
03/10/2004:02:26:52PM:00000052.013:DEBUG:RX:11 0 164 4 2 8 65 0 0 0 172 (0)SET
03/10/2004:02:26:52PM:00000052.013:DEBUG:TX:4 0 101 65
03/10/2004:02:26:52PM:00000052.013:DEBUG:RX:11 0 165 2 2 7 25 0 0 0 214 (0)SET
03/10/2004:02:26:52PM:00000052.013:DEBUG:TX:4 0 102 64
03/10/2004:02:26:52PM:00000052.013:DEBUG:RX:11 0 166 2 2 8 65 0 0 0 172 (0)SET
03/10/2004:02:26:52PM:00000052.013:DEBUG:TX:4 0 103 63
03/10/2004:02:26:52PM:00000052.013:DEBUG:RX:11 0 167 4 2 9 65 0 0 0 168 (0)SET
03/10/2004:02:26:52PM:00000052.013:DEBUG:TX:4 0 104 62
03/10/2004:02:26:52PM:00000052.013:DEBUG:RX:11 0 168 8 2 4 100 0 0 0 133 (0)SET
03/10/2004:02:26:52PM:00000052.013:DEBUG:TX:4 0 105 61
03/10/2004:02:26:52PM:00000052.013:DEBUG:RX:11 0 169 4 2 10 10 0 0 0 220 (0)SET
03/10/2004:02:26:52PM:00000052.013:DEBUG:TX:4 0 106 60
03/10/2004:02:26:52PM:00000052.013:DEBUG:RX:11 0 170 2 2 9 65 0 0 0 167 (0)SET
03/10/2004:02:26:52PM:00000052.013:DEBUG:TX:4 0 107 59
03/10/2004:02:26:52PM:00000052.013:DEBUG:RX:11 0 171 4 2 11 30 0 0 0 197 (0)SET
03/10/2004:02:26:53PM:00000052.013:DEBUG:TX:4 0 108 58
03/10/2004:02:26:53PM:00000052.013:DEBUG:RX:11 0 172 2 2 10 10 0 0 0 219 (0)SET
03/10/2004:02:26:53PM:00000052.013:DEBUG:TX:4 0 109 57
03/10/2004:02:26:53PM:00000052.013:DEBUG:RX:11 0 173 4 2 12 83 0 0 0 141 (0)SET
03/10/2004:02:26:53PM:00000052.013:DEBUG:TX:4 0 110 56
03/10/2004:02:26:53PM:00000052.013:DEBUG:RX:11 0 174 4 2 13 200 0 0 0 22 (0)SET
03/10/2004:02:26:53PM:00000052.013:DEBUG:TX:4 0 111 55
03/10/2004:02:26:53PM:00000052.013:DEBUG:RX:11 0 175 8 2 5 1 0 0 0 224 (0)SET
03/10/2004:02:26:53PM:00000052.013:DEBUG:TX:4 0 96 70
03/10/2004:02:26:53PM:00000052.013:DEBUG:RX:11 0 160 2 2 11 30 0 0 0 210 (0)SET
03/10/2004:02:26:53PM:00000052.013:DEBUG:TX:4 0 97 69
03/10/2004:02:26:53PM:00000052.013:DEBUG:RX:11 0 161 2 2 12 83 0 0 0 155 (0)SET
03/10/2004:02:26:53PM:00000052.013:DEBUG:TX:4 0 98 68
03/10/2004:02:26:53PM:00000052.013:DEBUG:RX:11 0 162 4 2 14 100 0 0 0 133 (0)SET
03/10/2004:02:26:53PM:00000052.013:DEBUG:TX:4 0 99 67
03/10/2004:02:26:53PM:00000052.013:DEBUG:RX:11 0 163 8 2 6 40 0 0 0 196 (0)SET
03/10/2004:02:26:53PM:00000052.014:DEBUG:TX:4 0 100 66
03/10/2004:02:26:53PM:00000052.014:DEBUG:RX:11 0 164 4 2 15 200 0 0 0 30 (0)SET
03/10/2004:02:26:53PM:00000052.014:DEBUG:TX:4 0 101 65
03/10/2004:02:26:53PM:00000052.014:DEBUG:RX:11 0 165 2 2 13 200 0 0 0 33 (0)SET
03/10/2004:02:26:53PM:00000052.014:DEBUG:TX:4 0 102 64
03/10/2004:02:26:53PM:00000052.014:DEBUG:RX:11 0 166 2 2 14 100 0 0 0 131 (0)SET
03/10/2004:02:26:53PM:00000052.014:DEBUG:TX:4 0 103 63
03/10/2004:02:26:53PM:00000052.014:DEBUG:RX:11 0 167 4 2 16 5 0 0 0 221 (0)SET
03/10/2004:02:26:53PM:00000052.014:DEBUG:TX:4 0 104 62
03/10/2004:02:26:53PM:00000052.014:DEBUG:RX:11 0 168 8 2 7 25 0 0 0 205 (0)SET
03/10/2004:02:26:53PM:00000052.014:DEBUG:TX:4 0 105 61
03/10/2004:02:26:53PM:00000052.014:DEBUG:RX:11 0 169 4 2 17 167 0 0 0 56 (0)SET
03/10/2004:02:26:53PM:00000052.014:DEBUG:TX:4 0 106 60
03/10/2004:02:26:53PM:00000052.014:DEBUG:RX:11 0 170 2 2 15 200 0 0 0 26 (0)SET
03/10/2004:02:26:53PM:00000052.014:DEBUG:TX:4 0 107 59
03/10/2004:02:26:53PM:00000052.014:DEBUG:RX:11 0 171 4 2 19 0 0 0 0 219 (0)SET
03/10/2004:02:26:54PM:00000052.014:DEBUG:TX:4 0 108 58
03/10/2004:02:26:54PM:00000052.014:DEBUG:RX:11 0 172 2 2 16 5 0 0 0 218 (0)SET
03/10/2004:02:26:54PM:00000052.014:DEBUG:TX:4 0 109 57
03/10/2004:02:26:54PM:00000052.014:DEBUG:RX:11 0 173 4 2 20 160 0 0 0 56 (0)SET
03/10/2004:02:26:54PM:00000052.014:DEBUG:TX:4 0 110 56
03/10/2004:02:26:54PM:00000052.014:DEBUG:RX:11 0 174 4 2 21 32 3 0 0 179 (0)SET
03/10/2004:02:26:54PM:00000052.014:DEBUG:TX:4 0 111 55
03/10/2004:02:26:54PM:00000052.014:DEBUG:RX:11 0 175 8 2 8 65 0 0 0 157 (0)SET
03/10/2004:02:26:54PM:00000052.014:DEBUG:TX:4 0 96 70
03/10/2004:02:26:54PM:00000052.014:DEBUG:RX:11 0 160 2 2 17 167 0 0 0 67 (0)SET
03/10/2004:02:26:54PM:00000052.014:DEBUG:TX:4 0 97 69
03/10/2004:02:26:54PM:00000052.014:DEBUG:RX:11 0 161 2 2 19 0 0 0 0 231 (0)SET
03/10/2004:02:26:54PM:00000052.014:DEBUG:TX:4 0 98 68
03/10/2004:02:26:54PM:00000052.014:DEBUG:RX:11 0 162 4 2 22 31 0 0 0 194 (0)SET
03/10/2004:02:26:54PM:00000052.014:DEBUG:TX:4 0 99 67
03/10/2004:02:26:54PM:00000052.014:DEBUG:RX:11 0 163 8 2 9 65 0 0 0 168 (0)SET
03/10/2004:02:26:54PM:00000052.014:DEBUG:TX:4 0 100 66
03/10/2004:02:26:54PM:00000052.014:DEBUG:RX:11 0 164 4 2 23 3 0 0 0 219 (0)SET
03/10/2004:02:26:54PM:00000052.015:DEBUG:TX:4 0 101 65
03/10/2004:02:26:54PM:00000052.015:DEBUG:RX:11 0 165 2 2 20 160 0 0 0 66 (0)SET
03/10/2004:02:26:54PM:00000052.015:DEBUG:TX:4 0 102 64
03/10/2004:02:26:54PM:00000052.015:DEBUG:RX:11 0 166 2 2 21 32 3 0 0 189 (0)SET
03/10/2004:02:26:54PM:00000052.015:DEBUG:TX:4 0 103 63
03/10/2004:02:26:54PM:00000052.015:DEBUG:RX:11 0 167 4 2 24 244 1 0 0 229 (0)SET
03/10/2004:02:26:54PM:00000052.015:DEBUG:TX:4 0 104 62
03/10/2004:02:26:54PM:00000052.015:DEBUG:RX:11 0 168 8 2 10 10 0 0 0 217 (0)SET
03/10/2004:02:26:54PM:00000052.015:DEBUG:TX:4 0 105 61
03/10/2004:02:26:54PM:00000052.015:DEBUG:RX:11 0 169 4 2 25 200 0 0 0 15 (0)SET
03/10/2004:02:26:54PM:00000052.015:DEBUG:TX:4 0 106 60
03/10/2004:02:26:54PM:00000052.015:DEBUG:RX:11 0 170 2 2 22 31 0 0 0 188 (0)SET
03/10/2004:02:26:54PM:00000052.015:DEBUG:TX:4 0 107 59
03/10/2004:02:26:54PM:00000052.015:DEBUG:RX:11 0 171 4 2 26 200 0 0 0 12 (0)SET
03/10/2004:02:26:54PM:00000052.015:DEBUG:TX:4 0 108 58
03/10/2004:02:26:54PM:00000052.015:DEBUG:RX:11 0 172 2 2 23 3 0 0 0 213 (0)SET
03/10/2004:02:26:55PM:00000052.015:DEBUG:TX:4 0 109 57
03/10/2004:02:26:55PM:00000052.015:DEBUG:RX:11 0 173 4 2 27 224 1 0 0 240 (0)SET
03/10/2004:02:26:55PM:00000052.015:DEBUG:TX:4 0 110 56
03/10/2004:02:26:55PM:00000052.015:DEBUG:RX:11 0 174 4 2 28 224 1 0 0 238 (0)SET
03/10/2004:02:26:55PM:00000052.015:DEBUG:TX:4 0 111 55
03/10/2004:02:26:55PM:00000052.015:DEBUG:RX:11 0 175 8 2 11 30 0 0 0 189 (0)SET
03/10/2004:02:26:55PM:00000052.015:DEBUG:TX:4 0 96 70
03/10/2004:02:26:55PM:00000052.015:DEBUG:RX:11 0 160 2 2 24 244 1 0 0 238 (0)SET
03/10/2004:02:26:55PM:00000052.015:DEBUG:TX:4 0 97 69
03/10/2004:02:26:55PM:00000052.015:DEBUG:RX:11 0 161 2 2 25 200 0 0 0 25 (0)SET
03/10/2004:02:26:55PM:00000052.015:DEBUG:TX:4 0 98 68
03/10/2004:02:26:55PM:00000052.015:DEBUG:RX:11 0 162 4 2 29 0 0 0 0 218 (0)SET
03/10/2004:02:26:55PM:00000052.015:DEBUG:TX:4 0 99 67
03/10/2004:02:26:55PM:00000052.015:DEBUG:RX:11 0 163 8 2 12 83 0 0 0 147 (0)SET
03/10/2004:02:26:55PM:00000052.015:DEBUG:TX:4 0 100 66
03/10/2004:02:26:55PM:00000052.015:DEBUG:RX:11 0 164 4 2 30 5 0 0 0 210 (0)SET
03/10/2004:02:26:55PM:00000052.016:DEBUG:TX:4 0 101 65
03/10/2004:02:26:55PM:00000052.016:DEBUG:RX:11 0 165 2 2 26 200 0 0 0 20 (0)SET
03/10/2004:02:26:55PM:00000052.016:DEBUG:TX:4 0 102 64
03/10/2004:02:26:55PM:00000052.016:DEBUG:RX:11 0 166 2 2 27 224 1 0 0 249 (0)SET
03/10/2004:02:26:55PM:00000052.016:DEBUG:TX:4 0 103 63
03/10/2004:02:26:55PM:00000052.016:DEBUG:RX:11 0 167 4 2 31 1 0 0 0 210 (0)SET
03/10/2004:02:26:55PM:00000052.016:DEBUG:TX:4 0 104 62
03/10/2004:02:26:55PM:00000052.016:DEBUG:RX:11 0 168 8 2 13 200 0 0 0 24 (0)SET
03/10/2004:02:26:55PM:00000052.016:DEBUG:TX:4 0 105 61
03/10/2004:02:26:55PM:00000052.016:DEBUG:RX:11 0 169 4 2 32 0 0 0 0 208 (0)SET
03/10/2004:02:26:55PM:00000052.016:DEBUG:TX:4 0 106 60
03/10/2004:02:26:55PM:00000052.016:DEBUG:RX:11 0 170 2 2 28 224 1 0 0 244 (0)SET
03/10/2004:02:26:55PM:00000052.016:DEBUG:TX:4 0 107 59
03/10/2004:02:26:55PM:00000052.016:DEBUG:RX:11 0 171 4 2 33 244 1 0 0 216 (0)SET
03/10/2004:02:26:55PM:00000052.016:DEBUG:TX:4 0 108 58
03/10/2004:02:26:55PM:00000052.016:DEBUG:RX:11 0 172 2 2 29 0 0 0 0 210 (0)SET
03/10/2004:02:26:55PM:00000052.016:DEBUG:TX:4 0 109 57
03/10/2004:02:26:55PM:00000052.016:DEBUG:RX:11 0 173 4 2 34 244 1 0 0 213 (0)SET
03/10/2004:02:26:56PM:00000052.016:DEBUG:TX:4 0 110 56
03/10/2004:02:26:56PM:00000052.016:DEBUG:RX:11 0 174 4 2 35 15 0 0 0 185 (0)SET
03/10/2004:02:26:56PM:00000052.016:DEBUG:TX:4 0 111 55
03/10/2004:02:26:56PM:00000052.016:DEBUG:RX:11 0 175 8 2 14 100 0 0 0 116 (0)SET
03/10/2004:02:26:56PM:00000052.016:DEBUG:TX:4 0 96 70
03/10/2004:02:26:56PM:00000052.016:DEBUG:RX:11 0 160 2 2 30 5 0 0 0 216 (0)SET
03/10/2004:02:26:56PM:00000052.016:DEBUG:TX:4 0 97 69
03/10/2004:02:26:56PM:00000052.016:DEBUG:RX:11 0 161 2 2 31 1 0 0 0 218 (0)SET
03/10/2004:02:26:56PM:00000052.016:DEBUG:TX:4 0 98 68
03/10/2004:02:26:56PM:00000052.016:DEBUG:RX:11 0 162 4 2 36 25 0 0 0 186 (0)SET
03/10/2004:02:26:56PM:00000052.016:DEBUG:TX:4 0 99 67
03/10/2004:02:26:56PM:00000052.016:DEBUG:RX:11 0 163 8 2 15 200 0 0 0 27 (0)SET
03/10/2004:02:26:56PM:00000052.016:DEBUG:TX:4 0 100 66
03/10/2004:02:26:56PM:00000052.016:DEBUG:RX:11 0 164 4 2 37 224 1 0 0 239 (0)SET
03/10/2004:02:26:56PM:00000052.016:DEBUG:TX:4 0 101 65
03/10/2004:02:26:56PM:00000052.016:DEBUG:RX:11 0 165 2 2 32 0 0 0 0 214 (0)SET
03/10/2004:02:26:56PM:00000052.017:DEBUG:TX:4 0 102 64
03/10/2004:02:26:56PM:00000052.017:DEBUG:RX:11 0 166 4 2 38 224 1 0 0 236 (0)SET
03/10/2004:02:26:56PM:00000052.017:DEBUG:TX:4 0 103 63
03/10/2004:02:26:56PM:00000052.017:DEBUG:RX:11 0 167 2 2 33 244 1 0 0 222 (0)SET
03/10/2004:02:26:56PM:00000052.017:DEBUG:TX:4 0 104 62
03/10/2004:02:26:56PM:00000052.017:DEBUG:RX:11 0 168 4 2 39 5 0 0 0 197 (0)SET
03/10/2004:02:26:56PM:00000052.017:DEBUG:TX:4 0 105 61
03/10/2004:02:26:56PM:00000052.017:DEBUG:RX:11 0 169 4 2 40 1 0 0 0 199 (0)SET
03/10/2004:02:26:56PM:00000052.017:DEBUG:TX:4 0 106 60
03/10/2004:02:26:56PM:00000052.017:DEBUG:RX:11 0 170 8 2 16 5 0 0 0 214 (0)SET
03/10/2004:02:26:56PM:00000052.017:DEBUG:TX:4 0 107 59
03/10/2004:02:26:56PM:00000052.017:DEBUG:RX:11 0 171 2 2 34 244 1 0 0 217 (0)SET
03/10/2004:02:26:56PM:00000052.017:DEBUG:TX:4 0 108 58
03/10/2004:02:26:56PM:00000052.017:DEBUG:RX:11 0 172 2 2 35 15 0 0 0 189 (0)SET
03/10/2004:02:26:56PM:00000052.017:DEBUG:TX:4 0 109 57
03/10/2004:02:26:56PM:00000052.017:DEBUG:RX:11 0 173 4 2 41 0 0 0 0 195 (0)SET
03/10/2004:02:26:57PM:00000052.017:DEBUG:TX:4 0 110 56
03/10/2004:02:26:57PM:00000052.017:DEBUG:RX:11 0 174 4 2 42 15 0 0 0 178 (0)SET
03/10/2004:02:26:57PM:00000052.017:DEBUG:TX:4 0 111 55
03/10/2004:02:26:57PM:00000052.017:DEBUG:RX:11 0 175 8 2 17 167 0 0 0 46 (0)SET
03/10/2004:02:26:57PM:00000052.017:DEBUG:TX:4 0 96 70
03/10/2004:02:26:57PM:00000052.017:DEBUG:RX:11 0 160 2 2 36 25 0 0 0 190 (0)SET
03/10/2004:02:26:57PM:00000052.017:DEBUG:TX:4 0 97 69
03/10/2004:02:26:57PM:00000052.017:DEBUG:RX:11 0 161 2 2 37 224 1 0 0 244 (0)SET
03/10/2004:02:26:57PM:00000052.017:DEBUG:TX:4 0 98 68
03/10/2004:02:26:57PM:00000052.017:DEBUG:RX:11 0 162 4 2 43 25 0 0 0 179 (0)SET
03/10/2004:02:26:57PM:00000052.017:DEBUG:TX:4 0 99 67
03/10/2004:02:26:57PM:00000052.017:DEBUG:RX:11 0 163 8 2 19 0 0 0 0 223 (0)SET
03/10/2004:02:26:57PM:00000052.017:DEBUG:TX:4 0 100 66
03/10/2004:02:26:57PM:00000052.017:DEBUG:RX:11 0 164 4 2 44 25 0 0 0 176 (0)SET
03/10/2004:02:26:57PM:00000052.017:DEBUG:TX:4 0 101 65
03/10/2004:02:26:57PM:00000052.017:DEBUG:RX:11 0 165 2 2 38 224 1 0 0 239 (0)SET
03/10/2004:02:26:57PM:00000052.017:DEBUG:TX:4 0 102 64
03/10/2004:02:26:57PM:00000052.017:DEBUG:RX:11 0 166 4 2 45 100 0 0 0 98 (0)SET
03/10/2004:02:26:57PM:00000052.018:DEBUG:TX:4 0 103 63
03/10/2004:02:26:57PM:00000052.018:DEBUG:RX:11 0 167 2 2 39 5 0 0 0 200 (0)SET
03/10/2004:02:26:57PM:00000052.018:DEBUG:TX:4 0 104 62
03/10/2004:02:26:57PM:00000052.018:DEBUG:RX:11 0 168 4 2 46 167 0 0 0 28 (0)SET
03/10/2004:02:26:57PM:00000052.018:DEBUG:TX:4 0 105 61
03/10/2004:02:26:57PM:00000052.018:DEBUG:RX:11 0 169 4 2 47 25 0 0 0 168 (0)SET
03/10/2004:02:26:57PM:00000052.018:DEBUG:TX:4 0 106 60
03/10/2004:02:26:57PM:00000052.018:DEBUG:RX:11 0 170 8 2 20 160 0 0 0 55 (0)SET
03/10/2004:02:26:57PM:00000052.018:DEBUG:TX:4 0 107 59
03/10/2004:02:26:57PM:00000052.018:DEBUG:RX:11 0 171 2 2 40 1 0 0 0 199 (0)SET
03/10/2004:02:26:57PM:00000052.018:DEBUG:TX:4 0 108 58
03/10/2004:02:26:57PM:00000052.018:DEBUG:RX:11 0 172 2 2 41 0 0 0 0 198 (0)SET
03/10/2004:02:26:57PM:00000052.018:DEBUG:TX:4 0 109 57
03/10/2004:02:26:57PM:00000052.018:DEBUG:RX:11 0 173 4 2 48 0 0 0 0 188 (0)SET
03/10/2004:02:26:57PM:00000052.018:DEBUG:TX:4 0 110 56
03/10/2004:02:26:57PM:00000052.018:DEBUG:RX:11 0 174 8 2 21 32 3 0 0 175 (0)SET
03/10/2004:02:26:58PM:00000052.018:DEBUG:TX:4 0 111 55
03/10/2004:02:26:58PM:00000052.018:DEBUG:RX:11 0 175 4 2 49 200 0 0 0 241 (0)SET
03/10/2004:02:26:58PM:00000052.018:DEBUG:TX:4 0 96 70
03/10/2004:02:26:58PM:00000052.018:DEBUG:RX:11 0 160 2 2 42 15 0 0 0 194 (0)SET
03/10/2004:02:26:58PM:00000052.018:DEBUG:TX:4 0 97 69
03/10/2004:02:26:58PM:00000052.018:DEBUG:RX:11 0 161 2 2 43 25 0 0 0 182 (0)SET
03/10/2004:02:26:58PM:00000052.018:DEBUG:TX:4 0 98 68
03/10/2004:02:26:58PM:00000052.018:DEBUG:RX:11 0 162 4 2 50 0 0 0 0 197 (0)SET
03/10/2004:02:26:58PM:00000052.018:DEBUG:TX:4 0 99 67
03/10/2004:02:26:58PM:00000052.018:DEBUG:RX:11 0 163 8 2 22 31 0 0 0 189 (0)SET
03/10/2004:02:26:58PM:00000052.018:DEBUG:TX:4 0 100 66
03/10/2004:02:26:58PM:00000052.018:DEBUG:RX:11 0 164 4 2 51 232 3 0 0 215 (0)SET
03/10/2004:02:26:58PM:00000052.018:DEBUG:TX:4 0 101 65
03/10/2004:02:26:58PM:00000052.018:DEBUG:RX:11 0 165 2 2 44 25 0 0 0 177 (0)SET
03/10/2004:02:26:58PM:00000052.018:DEBUG:TX:4 0 102 64
03/10/2004:02:26:58PM:00000052.018:DEBUG:RX:11 0 166 4 2 52 208 7 0 0 232 (0)SET
03/10/2004:02:26:58PM:00000052.019:DEBUG:TX:4 0 103 63
03/10/2004:02:26:58PM:00000052.019:DEBUG:RX:11 0 167 2 2 45 100 0 0 0 99 (0)SET
03/10/2004:02:26:58PM:00000052.019:DEBUG:TX:4 0 104 62
03/10/2004:02:26:58PM:00000052.019:DEBUG:RX:11 0 168 4 2 53 140 0 0 0 48 (0)SET
03/10/2004:02:26:58PM:00000052.019:DEBUG:TX:4 0 105 61
03/10/2004:02:26:58PM:00000052.019:DEBUG:RX:11 0 169 4 2 54 50 0 0 0 136 (0)SET
03/10/2004:02:26:58PM:00000052.019:DEBUG:TX:4 0 106 60
03/10/2004:02:26:58PM:00000052.019:DEBUG:RX:11 0 170 8 2 23 3 0 0 0 209 (0)SET
03/10/2004:02:26:58PM:00000052.019:DEBUG:TX:4 0 107 59
03/10/2004:02:26:58PM:00000052.019:DEBUG:RX:11 0 171 2 2 46 167 0 0 0 27 (0)SET
03/10/2004:02:26:58PM:00000052.019:DEBUG:TX:4 0 108 58
03/10/2004:02:26:58PM:00000052.019:DEBUG:RX:11 0 172 2 2 47 25 0 0 0 167 (0)SET
03/10/2004:02:26:58PM:00000052.019:DEBUG:TX:4 0 109 57
03/10/2004:02:26:58PM:00000052.019:DEBUG:RX:11 0 173 4 2 55 140 0 0 0 41 (0)SET
03/10/2004:02:26:58PM:00000052.019:DEBUG:TX:4 0 110 56
03/10/2004:02:26:58PM:00000052.019:DEBUG:RX:11 0 174 8 2 24 244 1 0 0 218 (0)SET
03/10/2004:02:26:58PM:00000052.019:DEBUG:TX:4 0 111 55
03/10/2004:02:26:58PM:00000052.019:DEBUG:RX:11 0 175 4 2 56 140 0 0 0 38 (0)SET
03/10/2004:02:26:59PM:00000052.019:DEBUG:TX:4 0 96 70
03/10/2004:02:26:59PM:00000052.019:DEBUG:RX:11 0 160 2 2 48 0 0 0 0 203 (0)SET
03/10/2004:02:26:59PM:00000052.019:DEBUG:TX:4 0 97 69
03/10/2004:02:26:59PM:00000052.019:DEBUG:RX:11 0 161 2 2 49 200 0 0 0 1 (0)SET
03/10/2004:02:26:59PM:00000052.019:DEBUG:TX:4 0 98 68
03/10/2004:02:26:59PM:00000052.019:DEBUG:RX:11 0 162 4 2 57 100 0 0 0 90 (0)SET
03/10/2004:02:26:59PM:00000052.019:DEBUG:TX:4 0 99 67
03/10/2004:02:26:59PM:00000052.019:DEBUG:RX:11 0 163 8 2 25 200 0 0 0 17 (0)SET
03/10/2004:02:26:59PM:00000052.019:DEBUG:TX:4 0 100 66
03/10/2004:02:26:59PM:00000052.019:DEBUG:RX:11 0 164 4 2 58 150 0 0 0 37 (0)SET
03/10/2004:02:26:59PM:00000052.019:DEBUG:TX:4 0 101 65
03/10/2004:02:26:59PM:00000052.019:DEBUG:RX:11 0 165 2 2 50 0 0 0 0 196 (0)SET
03/10/2004:02:26:59PM:00000052.019:DEBUG:TX:4 0 102 64
03/10/2004:02:26:59PM:00000052.019:DEBUG:RX:11 0 166 4 2 59 100 0 0 0 84 (0)SET
03/10/2004:02:26:59PM:00000052.019:DEBUG:TX:4 0 103 63
03/10/2004:02:26:59PM:00000052.019:DEBUG:RX:11 0 167 2 2 51 232 3 0 0 214 (0)SET
03/10/2004:02:26:59PM:00000052.020:DEBUG:TX:4 0 104 62
03/10/2004:02:26:59PM:00000052.020:DEBUG:RX:11 0 168 4 2 60 196 9 0 0 232 (0)SET
03/10/2004:02:26:59PM:00000052.020:DEBUG:TX:4 0 105 61
03/10/2004:02:26:59PM:00000052.020:DEBUG:RX:11 0 169 4 2 61 232 3 0 0 200 (0)SET
03/10/2004:02:26:59PM:00000052.020:DEBUG:TX:4 0 106 60
03/10/2004:02:26:59PM:00000052.020:DEBUG:RX:11 0 170 8 2 26 200 0 0 0 9 (0)SET
03/10/2004:02:26:59PM:00000052.020:DEBUG:TX:4 0 107 59
03/10/2004:02:26:59PM:00000052.020:DEBUG:RX:11 0 171 2 2 52 208 7 0 0 229 (0)SET
03/10/2004:02:26:59PM:00000052.020:DEBUG:TX:4 0 108 58
03/10/2004:02:26:59PM:00000052.020:DEBUG:RX:11 0 172 2 2 53 140 0 0 0 46 (0)SET
03/10/2004:02:26:59PM:00000052.020:DEBUG:TX:4 0 109 57
03/10/2004:02:26:59PM:00000052.020:DEBUG:RX:11 0 173 4 2 62 100 0 0 0 74 (0)SET
03/10/2004:02:26:59PM:00000052.020:DEBUG:TX:4 0 110 56
03/10/2004:02:26:59PM:00000052.020:DEBUG:RX:11 0 174 8 2 27 224 1 0 0 235 (0)SET
03/10/2004:02:26:59PM:00000052.020:DEBUG:TX:4 0 111 55
03/10/2004:02:26:59PM:00000052.020:DEBUG:RX:11 0 175 4 2 63 0 0 0 0 171 (0)SET
03/10/2004:02:27:00PM:00000052.020:DEBUG:TX:4 0 96 70
03/10/2004:02:27:00PM:00000052.020:DEBUG:RX:11 0 160 2 2 54 50 0 0 0 147 (0)SET
03/10/2004:02:27:00PM:00000052.020:DEBUG:TX:4 0 97 69
03/10/2004:02:27:00PM:00000052.020:DEBUG:RX:11 0 161 4 2 64 0 0 0 0 184 (0)SET
03/10/2004:02:27:00PM:00000052.020:DEBUG:TX:4 0 98 68
03/10/2004:02:27:00PM:00000052.020:DEBUG:RX:11 0 162 2 2 55 140 0 0 0 54 (0)SET
03/10/2004:02:27:00PM:00000052.020:DEBUG:TX:4 0 99 67
03/10/2004:02:27:00PM:00000052.020:DEBUG:RX:11 0 163 4 2 65 0 0 0 0 181 (0)SET
03/10/2004:02:27:00PM:00000052.020:DEBUG:TX:4 0 100 66
03/10/2004:02:27:00PM:00000052.020:DEBUG:RX:11 0 164 4 2 66 2 0 0 0 177 (0)SET
03/10/2004:02:27:00PM:00000052.020:DEBUG:TX:4 0 101 65
03/10/2004:02:27:00PM:00000052.020:DEBUG:RX:11 0 165 8 2 28 224 1 0 0 243 (0)SET
03/10/2004:02:27:00PM:00000052.020:DEBUG:TX:4 0 102 64
03/10/2004:02:27:00PM:00000052.020:DEBUG:RX:11 0 166 2 2 56 140 0 0 0 49 (0)SET
03/10/2004:02:27:00PM:00000052.020:DEBUG:TX:4 0 103 63
03/10/2004:02:27:00PM:00000052.020:DEBUG:RX:11 0 167 2 2 57 100 0 0 0 87 (0)SET
03/10/2004:02:27:00PM:00000052.021:DEBUG:TX:4 0 104 62
03/10/2004:02:27:00PM:00000052.021:DEBUG:RX:11 0 168 4 2 67 0 0 0 0 174 (0)SET
03/10/2004:02:27:00PM:00000052.021:DEBUG:TX:4 0 105 61
03/10/2004:02:27:00PM:00000052.021:DEBUG:RX:11 0 169 8 2 29 0 0 0 0 207 (0)SET
03/10/2004:02:27:00PM:00000052.021:DEBUG:TX:4 0 106 60
03/10/2004:02:27:00PM:00000052.021:DEBUG:RX:11 0 170 4 2 68 0 0 0 0 171 (0)SET
03/10/2004:02:27:00PM:00000052.021:DEBUG:TX:4 0 107 59
03/10/2004:02:27:00PM:00000052.021:DEBUG:RX:11 0 171 2 2 58 150 0 0 0 32 (0)SET
03/10/2004:02:27:00PM:00000052.021:DEBUG:TX:4 0 108 58
03/10/2004:02:27:00PM:00000052.021:DEBUG:RX:11 0 172 2 2 59 100 0 0 0 80 (0)SET
03/10/2004:02:27:00PM:00000052.021:DEBUG:TX:4 0 109 57
03/10/2004:02:27:00PM:00000052.021:DEBUG:RX:11 0 173 4 2 69 0 0 0 0 167 (0)SET
03/10/2004:02:27:00PM:00000052.021:DEBUG:TX:4 0 110 56
03/10/2004:02:27:00PM:00000052.021:DEBUG:RX:11 0 174 8 2 30 5 0 0 0 196 (0)SET
03/10/2004:02:27:00PM:00000052.021:DEBUG:TX:4 0 111 55
03/10/2004:02:27:00PM:00000052.021:DEBUG:RX:11 0 175 4 2 70 100 0 0 0 64 (0)SET
03/10/2004:02:27:00PM:00000052.021:DEBUG:TX:4 0 96 70
03/10/2004:02:27:00PM:00000052.021:DEBUG:RX:11 0 160 16 2 1 25 0 0 0 211 (0)SET
03/10/2004:02:27:01PM:00000052.021:DEBUG:TX:4 0 97 69
03/10/2004:02:27:01PM:00000052.021:DEBUG:RX:11 0 161 2 2 60 196 9 0 0 241 (0)SET
03/10/2004:02:27:01PM:00000052.021:DEBUG:TX:4 0 98 68
03/10/2004:02:27:01PM:00000052.021:DEBUG:RX:11 0 162 2 2 61 232 3 0 0 209 (0)SET
03/10/2004:02:27:01PM:00000052.021:DEBUG:TX:4 0 99 67
03/10/2004:02:27:01PM:00000052.021:DEBUG:RX:11 0 163 4 2 71 200 0 0 0 231 (0)SET
03/10/2004:02:27:01PM:00000052.021:DEBUG:TX:4 0 100 66
03/10/2004:02:27:01PM:00000052.021:DEBUG:RX:11 0 164 4 2 72 0 0 0 0 173 (0)SET
03/10/2004:02:27:01PM:00000052.021:DEBUG:TX:4 0 101 65
03/10/2004:02:27:01PM:00000052.021:DEBUG:RX:11 0 165 8 2 31 1 0 0 0 208 (0)SET
03/10/2004:02:27:01PM:00000052.021:DEBUG:TX:4 0 102 64
03/10/2004:02:27:01PM:00000052.021:DEBUG:RX:11 0 166 2 2 62 100 0 0 0 83 (0)SET
03/10/2004:02:27:01PM:00000052.021:DEBUG:TX:4 0 103 63
03/10/2004:02:27:01PM:00000052.021:DEBUG:RX:11 0 167 2 2 63 0 0 0 0 181 (0)SET
03/10/2004:02:27:01PM:00000052.021:DEBUG:TX:4 0 104 62
03/10/2004:02:27:01PM:00000052.021:DEBUG:RX:11 0 168 4 2 77 100 0 0 0 64 (0)SET
03/10/2004:02:27:01PM:00000052.022:DEBUG:TX:4 0 105 61
03/10/2004:02:27:01PM:00000052.022:DEBUG:RX:11 0 169 8 2 32 0 0 0 0 204 (0)SET
03/10/2004:02:27:01PM:00000052.022:DEBUG:TX:4 0 106 60
03/10/2004:02:27:01PM:00000052.022:DEBUG:RX:11 0 170 4 2 78 0 0 0 0 161 (0)SET
03/10/2004:02:27:01PM:00000052.022:DEBUG:TX:4 0 107 59
03/10/2004:02:27:01PM:00000052.022:DEBUG:RX:11 0 171 2 2 64 0 0 0 0 176 (0)SET
03/10/2004:02:27:01PM:00000052.022:DEBUG:TX:4 0 108 58
03/10/2004:02:27:01PM:00000052.022:DEBUG:RX:11 0 172 2 2 65 0 0 0 0 174 (0)SET
03/10/2004:02:27:01PM:00000052.022:DEBUG:TX:4 0 109 57
03/10/2004:02:27:01PM:00000052.022:DEBUG:RX:11 0 173 2 2 66 2 0 0 0 170 (0)SET
03/10/2004:02:27:01PM:00000052.022:DEBUG:TX:4 0 110 56
03/10/2004:02:27:01PM:00000052.022:DEBUG:RX:11 0 174 4 2 79 100 0 0 0 56 (0)SET
03/10/2004:02:27:01PM:00000052.022:DEBUG:TX:4 0 111 55
03/10/2004:02:27:01PM:00000052.022:DEBUG:RX:11 0 175 4 2 80 0 0 0 0 154 (0)SET
03/10/2004:02:27:01PM:00000052.022:DEBUG:TX:4 0 96 70
03/10/2004:02:27:01PM:00000052.022:DEBUG:RX:11 0 160 8 2 33 244 1 0 0 223 (0)SET
03/10/2004:02:27:01PM:00000052.022:DEBUG:TX:4 0 97 69
03/10/2004:02:27:01PM:00000052.022:DEBUG:RX:11 0 161 2 2 67 0 0 0 0 183 (0)SET
03/10/2004:02:27:02PM:00000052.022:DEBUG:TX:4 0 98 68
03/10/2004:02:27:02PM:00000052.022:DEBUG:RX:11 0 162 2 2 68 0 0 0 0 181 (0)SET
03/10/2004:02:27:02PM:00000052.022:DEBUG:TX:4 0 99 67
03/10/2004:02:27:02PM:00000052.022:DEBUG:RX:11 0 163 4 2 81 0 0 0 0 165 (0)SET
03/10/2004:02:27:02PM:00000052.022:DEBUG:TX:4 0 100 66
03/10/2004:02:27:02PM:00000052.022:DEBUG:RX:11 0 164 4 2 82 0 0 0 0 163 (0)SET
03/10/2004:02:27:02PM:00000052.022:DEBUG:TX:4 0 101 65
03/10/2004:02:27:02PM:00000052.022:DEBUG:RX:11 0 165 8 2 34 244 1 0 0 217 (0)SET
03/10/2004:02:27:02PM:00000052.022:DEBUG:TX:4 0 102 64
03/10/2004:02:27:02PM:00000052.022:DEBUG:RX:11 0 166 2 2 69 0 0 0 0 176 (0)SET
03/10/2004:02:27:02PM:00000052.022:DEBUG:TX:4 0 103 63
03/10/2004:02:27:02PM:00000052.022:DEBUG:RX:11 0 167 2 2 70 100 0 0 0 74 (0)SET
03/10/2004:02:27:02PM:00000052.022:DEBUG:TX:4 0 104 62
03/10/2004:02:27:02PM:00000052.022:DEBUG:RX:11 0 168 4 2 83 0 0 0 0 158 (0)SET
03/10/2004:02:27:02PM:00000052.022:DEBUG:TX:4 0 105 61
03/10/2004:02:27:02PM:00000052.022:DEBUG:RX:11 0 169 8 2 35 15 0 0 0 186 (0)SET
03/10/2004:02:27:02PM:00000052.023:DEBUG:TX:4 0 106 60
03/10/2004:02:27:02PM:00000052.023:DEBUG:RX:11 0 170 4 2 88 137 19 0 0 251 (0)SET
03/10/2004:02:27:02PM:00000052.023:DEBUG:TX:4 0 107 59
03/10/2004:02:27:02PM:00000052.023:DEBUG:RX:11 0 171 2 2 71 200 0 0 0 225 (0)SET
03/10/2004:02:27:02PM:00000052.023:DEBUG:TX:4 0 108 58
03/10/2004:02:27:02PM:00000052.023:DEBUG:RX:11 0 172 4 2 89 137 19 0 0 248 (0)SET
03/10/2004:02:27:02PM:00000052.023:DEBUG:TX:4 0 109 57
03/10/2004:02:27:02PM:00000052.023:DEBUG:RX:11 0 173 2 2 72 0 0 0 0 166 (0)SET
03/10/2004:02:27:02PM:00000052.023:DEBUG:TX:4 0 110 56
03/10/2004:02:27:02PM:00000052.023:DEBUG:RX:11 0 174 4 2 90 0 0 0 0 145 (0)SET
03/10/2004:02:27:02PM:00000052.023:DEBUG:TX:4 0 111 55
03/10/2004:02:27:02PM:00000052.023:DEBUG:RX:11 0 175 4 2 91 0 0 0 0 143 (0)SET
03/10/2004:02:27:02PM:00000052.023:DEBUG:TX:4 0 96 70
03/10/2004:02:27:02PM:00000052.023:DEBUG:RX:11 0 160 8 2 36 25 0 0 0 184 (0)SET
03/10/2004:02:27:02PM:00000052.023:DEBUG:TX:4 0 97 69
03/10/2004:02:27:02PM:00000052.023:DEBUG:RX:11 0 161 2 2 77 100 0 0 0 73 (0)SET
03/10/2004:02:27:03PM:00000052.023:DEBUG:TX:4 0 98 68
03/10/2004:02:27:03PM:00000052.023:DEBUG:RX:11 0 162 2 2 78 0 0 0 0 171 (0)SET
03/10/2004:02:27:03PM:00000052.023:DEBUG:TX:4 0 99 67
03/10/2004:02:27:03PM:00000052.023:DEBUG:RX:11 0 163 4 2 92 1 0 0 0 153 (0)SET
03/10/2004:02:27:03PM:00000052.023:DEBUG:TX:4 0 100 66
03/10/2004:02:27:03PM:00000052.023:DEBUG:RX:11 0 164 8 2 37 224 1 0 0 235 (0)SET
03/10/2004:02:27:03PM:00000052.023:DEBUG:TX:4 0 101 65
03/10/2004:02:27:03PM:00000052.023:DEBUG:RX:11 0 165 4 2 93 1 0 0 0 150 (0)SET
03/10/2004:02:27:03PM:00000052.023:DEBUG:TX:4 0 102 64
03/10/2004:02:27:03PM:00000052.023:DEBUG:RX:11 0 166 2 2 79 100 0 0 0 66 (0)SET
03/10/2004:02:27:03PM:00000052.023:DEBUG:TX:4 0 103 63
03/10/2004:02:27:03PM:00000052.023:DEBUG:RX:11 0 167 2 2 80 0 0 0 0 164 (0)SET
03/10/2004:02:27:03PM:00000052.023:DEBUG:TX:4 0 104 62
03/10/2004:02:27:03PM:00000052.023:DEBUG:RX:11 0 168 2 2 81 0 0 0 0 162 (0)SET
03/10/2004:02:27:03PM:00000052.023:DEBUG:TX:4 0 105 61
03/10/2004:02:27:03PM:00000052.023:DEBUG:RX:11 0 169 4 2 94 0 0 0 0 146 (0)SET
03/10/2004:02:27:03PM:00000052.024:DEBUG:TX:4 0 106 60
03/10/2004:02:27:03PM:00000052.024:DEBUG:RX:11 0 170 4 2 95 0 0 0 0 144 (0)SET
03/10/2004:02:27:03PM:00000052.024:DEBUG:TX:4 0 107 59
03/10/2004:02:27:03PM:00000052.024:DEBUG:RX:11 0 171 8 2 38 224 1 0 0 227 (0)SET
03/10/2004:02:27:03PM:00000052.024:DEBUG:TX:4 0 108 58
03/10/2004:02:27:03PM:00000052.024:DEBUG:RX:11 0 172 2 2 82 0 0 0 0 157 (0)SET
03/10/2004:02:27:03PM:00000052.024:DEBUG:TX:4 0 109 57
03/10/2004:02:27:03PM:00000052.024:DEBUG:RX:11 0 173 2 2 83 0 0 0 0 155 (0)SET
03/10/2004:02:27:03PM:00000052.024:DEBUG:TX:4 0 110 56
03/10/2004:02:27:03PM:00000052.024:DEBUG:RX:11 0 174 4 2 96 0 0 0 0 139 (0)SET
03/10/2004:02:27:03PM:00000052.024:DEBUG:TX:4 0 111 55
03/10/2004:02:27:03PM:00000052.024:DEBUG:RX:11 0 175 4 2 97 0 0 0 0 137 (0)SET
03/10/2004:02:27:03PM:00000052.024:DEBUG:TX:4 0 96 70
03/10/2004:02:27:03PM:00000052.024:DEBUG:RX:11 0 160 8 2 39 5 0 0 0 201 (0)SET
03/10/2004:02:27:03PM:00000052.024:DEBUG:TX:4 0 97 69
03/10/2004:02:27:03PM:00000052.024:DEBUG:RX:11 0 161 2 2 88 137 19 0 0 6 (0)SET
03/10/2004:02:27:03PM:00000052.024:DEBUG:TX:4 0 98 68
03/10/2004:02:27:03PM:00000052.024:DEBUG:RX:11 0 162 2 2 89 137 19 0 0 4 (0)SET
03/10/2004:02:27:04PM:00000052.024:DEBUG:TX:4 0 99 67
03/10/2004:02:27:04PM:00000052.024:DEBUG:RX:11 0 163 4 2 101 0 0 0 0 145 (0)SET
03/10/2004:02:27:04PM:00000052.024:DEBUG:TX:4 0 100 66
03/10/2004:02:27:04PM:00000052.024:DEBUG:RX:11 0 164 8 2 40 1 0 0 0 200 (0)SET
03/10/2004:02:27:04PM:00000052.024:DEBUG:TX:4 0 101 65
03/10/2004:02:27:04PM:00000052.024:DEBUG:RX:11 0 165 4 2 102 1 0 0 0 141 (0)SET
03/10/2004:02:27:04PM:00000052.024:DEBUG:TX:4 0 102 64
03/10/2004:02:27:04PM:00000052.024:DEBUG:RX:11 0 166 2 2 90 0 0 0 0 155 (0)SET
03/10/2004:02:27:04PM:00000052.024:DEBUG:TX:4 0 103 63
03/10/2004:02:27:04PM:00000052.024:DEBUG:RX:11 0 167 4 2 103 1 0 0 0 138 (0)SET
03/10/2004:02:27:04PM:00000052.024:DEBUG:TX:4 0 104 62
03/10/2004:02:27:04PM:00000052.024:DEBUG:RX:11 0 168 2 2 91 0 0 0 0 152 (0)SET
03/10/2004:02:27:04PM:00000052.024:DEBUG:TX:4 0 105 61
03/10/2004:02:27:04PM:00000052.024:DEBUG:RX:11 0 169 4 2 104 1 0 0 0 135 (0)SET
03/10/2004:02:27:04PM:00000052.024:DEBUG:TX:4 0 106 60
03/10/2004:02:27:04PM:00000052.024:DEBUG:RX:11 0 170 4 2 105 1 0 0 0 133 (0)SET
03/10/2004:02:27:04PM:00000052.025:DEBUG:TX:4 0 107 59
03/10/2004:02:27:04PM:00000052.025:DEBUG:RX:11 0 171 8 2 41 0 0 0 0 193 (0)SET
03/10/2004:02:27:04PM:00000052.025:DEBUG:TX:4 0 108 58
03/10/2004:02:27:04PM:00000052.025:DEBUG:RX:11 0 172 2 2 92 1 0 0 0 146 (0)SET
03/10/2004:02:27:04PM:00000052.025:DEBUG:TX:4 0 109 57
03/10/2004:02:27:04PM:00000052.025:DEBUG:RX:11 0 173 2 2 93 1 0 0 0 144 (0)SET
03/10/2004:02:27:04PM:00000052.025:DEBUG:TX:4 0 110 56
03/10/2004:02:27:04PM:00000052.025:DEBUG:RX:11 0 174 4 2 106 0 0 0 0 129 (0)SET
03/10/2004:02:27:04PM:00000052.025:DEBUG:TX:4 0 111 55
03/10/2004:02:27:04PM:00000052.025:DEBUG:RX:11 0 175 8 2 42 15 0 0 0 173 (0)SET
03/10/2004:02:27:04PM:00000052.025:DEBUG:TX:4 0 96 70
03/10/2004:02:27:04PM:00000052.025:DEBUG:RX:11 0 160 4 2 107 1 0 0 0 141 (0)SET
03/10/2004:02:27:04PM:00000052.025:DEBUG:TX:4 0 97 69
03/10/2004:02:27:04PM:00000052.025:DEBUG:RX:11 0 161 2 2 94 0 0 0 0 156 (0)SET
03/10/2004:02:27:04PM:00000052.025:DEBUG:TX:4 0 98 68
03/10/2004:02:27:04PM:00000052.025:DEBUG:RX:11 0 162 2 2 95 0 0 0 0 154 (0)SET
03/10/2004:02:27:05PM:00000052.025:DEBUG:TX:4 0 99 67
03/10/2004:02:27:05PM:00000052.025:DEBUG:RX:11 0 163 2 2 96 0 0 0 0 152 (0)SET
03/10/2004:02:27:05PM:00000052.025:DEBUG:TX:4 0 100 66
03/10/2004:02:27:05PM:00000052.025:DEBUG:RX:11 0 164 4 2 108 1 0 0 0 136 (0)SET
03/10/2004:02:27:05PM:00000052.025:DEBUG:TX:4 0 101 65
03/10/2004:02:27:05PM:00000052.025:DEBUG:RX:11 0 165 4 2 109 1 0 0 0 134 (0)SET
03/10/2004:02:27:05PM:00000052.025:DEBUG:TX:4 0 102 64
03/10/2004:02:27:05PM:00000052.025:DEBUG:RX:11 0 166 2 2 97 0 0 0 0 148 (0)SET
03/10/2004:02:27:05PM:00000052.025:DEBUG:TX:4 0 103 63
03/10/2004:02:27:05PM:00000052.025:DEBUG:RX:11 0 167 4 2 201 1 0 0 0 40 (0)SET
03/10/2004:02:27:05PM:00000052.025:DEBUG:TX:4 0 104 62
03/10/2004:02:27:05PM:00000052.025:DEBUG:RX:11 0 168 2 2 101 1 0 0 0 141 (0)SET
03/10/2004:02:27:05PM:00000052.025:DEBUG:TX:4 0 105 61
03/10/2004:02:27:05PM:00000052.025:DEBUG:RX:11 0 169 4 2 202 1 0 0 0 37 (0)SET
03/10/2004:02:27:05PM:00000052.025:DEBUG:TX:4 0 106 60
03/10/2004:02:27:05PM:00000052.025:DEBUG:RX:11 0 170 4 2 203 1 0 0 0 35 (0)SET
03/10/2004:02:27:05PM:00000052.025:DEBUG:TX:4 0 107 59
03/10/2004:02:27:05PM:00000052.025:DEBUG:RX:11 0 171 8 2 43 25 0 0 0 166 (0)SET
03/10/2004:02:27:05PM:00000052.026:DEBUG:TX:4 0 108 58
03/10/2004:02:27:05PM:00000052.026:DEBUG:RX:11 0 172 2 2 102 1 0 0 0 136 (0)SET
03/10/2004:02:27:05PM:00000052.026:DEBUG:TX:4 0 109 57
03/10/2004:02:27:05PM:00000052.026:DEBUG:RX:11 0 173 2 2 103 1 0 0 0 134 (0)SET
03/10/2004:02:27:05PM:00000052.026:DEBUG:TX:4 0 110 56
03/10/2004:02:27:05PM:00000052.026:DEBUG:RX:11 0 174 4 2 204 1 0 0 0 30 (0)SET
03/10/2004:02:27:05PM:00000052.026:DEBUG:TX:4 0 111 55
03/10/2004:02:27:05PM:00000052.026:DEBUG:RX:11 0 175 8 2 44 25 0 0 0 161 (0)SET
03/10/2004:02:27:05PM:00000052.026:DEBUG:TX:4 0 96 70
03/10/2004:02:27:05PM:00000052.026:DEBUG:RX:11 0 160 4 2 205 1 0 0 0 43 (0)SET
03/10/2004:02:27:05PM:00000052.026:DEBUG:TX:4 0 97 69
03/10/2004:02:27:05PM:00000052.026:DEBUG:RX:11 0 161 2 2 104 1 0 0 0 145 (0)SET
03/10/2004:02:27:05PM:00000052.026:DEBUG:TX:4 0 98 68
03/10/2004:02:27:05PM:00000052.026:DEBUG:RX:11 0 162 4 2 206 1 0 0 0 40 (0)SET
03/10/2004:02:27:05PM:00000052.026:DEBUG:TX:4 0 99 67
03/10/2004:02:27:05PM:00000052.026:DEBUG:RX:11 0 163 2 2 105 1 0 0 0 142 (0)SET
03/10/2004:02:27:06PM:00000052.026:DEBUG:TX:4 0 100 66
03/10/2004:02:27:06PM:00000052.026:DEBUG:RX:11 0 164 4 2 207 1 0 0 0 37 (0)SET
03/10/2004:02:27:06PM:00000052.026:DEBUG:TX:4 0 101 65
03/10/2004:02:27:06PM:00000052.026:DEBUG:RX:11 0 165 4 2 208 1 0 0 0 35 (0)SET
03/10/2004:02:27:06PM:00000052.026:DEBUG:TX:4 0 102 64
03/10/2004:02:27:06PM:00000052.026:DEBUG:RX:11 0 166 8 2 45 100 0 0 0 94 (0)SET
03/10/2004:02:27:06PM:00000052.026:DEBUG:TX:4 0 103 63
03/10/2004:02:27:06PM:00000052.026:DEBUG:RX:11 0 167 2 2 106 1 0 0 0 137 (0)SET
03/10/2004:02:27:06PM:00000052.026:DEBUG:TX:4 0 104 62
03/10/2004:02:27:06PM:00000052.026:DEBUG:RX:11 0 168 2 2 107 1 0 0 0 135 (0)SET
03/10/2004:02:27:06PM:00000052.026:DEBUG:TX:4 0 105 61
03/10/2004:02:27:06PM:00000052.026:DEBUG:RX:11 0 169 8 2 46 167 0 0 0 23 (0)SET
03/10/2004:02:27:06PM:00000052.026:DEBUG:TX:4 0 106 60
03/10/2004:02:27:06PM:00000052.026:DEBUG:RX:11 0 170 16 2 2 100 0 0 0 125 (0)SET
03/10/2004:02:27:06PM:00000052.026:DEBUG:TX:4 0 107 59
03/10/2004:02:27:06PM:00000052.026:DEBUG:RX:11 0 171 8 2 47 25 0 0 0 162 (0)SET
03/10/2004:02:27:06PM:00000052.027:DEBUG:TX:4 0 108 58
03/10/2004:02:27:06PM:00000052.027:DEBUG:RX:11 0 172 2 2 108 1 0 0 0 130 (0)SET
03/10/2004:02:27:06PM:00000052.027:DEBUG:TX:4 0 109 57
03/10/2004:02:27:06PM:00000052.027:DEBUG:RX:11 0 173 2 2 109 1 0 0 0 128 (0)SET
03/10/2004:02:27:06PM:00000052.027:DEBUG:TX:4 0 110 56
03/10/2004:02:27:06PM:00000052.027:DEBUG:RX:11 0 174 8 2 48 0 0 0 0 183 (0)SET
03/10/2004:02:27:06PM:00000052.027:DEBUG:TX:4 0 111 55
03/10/2004:02:27:06PM:00000052.027:DEBUG:RX:11 0 175 16 2 3 100 0 0 0 119 (0)SET
03/10/2004:02:27:06PM:00000052.027:DEBUG:TX:4 0 96 70
03/10/2004:02:27:06PM:00000052.027:DEBUG:RX:11 0 160 8 2 49 200 0 0 0 252 (0)SET
03/10/2004:02:27:06PM:00000052.027:DEBUG:TX:4 0 97 69
03/10/2004:02:27:06PM:00000052.027:DEBUG:RX:11 0 161 16 2 4 100 0 0 0 132 (0)SET
03/10/2004:02:27:06PM:00000052.027:DEBUG:TX:4 0 98 68
03/10/2004:02:27:06PM:00000052.027:DEBUG:RX:11 0 162 2 2 201 1 0 0 0 47 (0)SET
03/10/2004:02:27:06PM:00000052.027:DEBUG:TX:4 0 99 67
03/10/2004:02:27:06PM:00000052.027:DEBUG:RX:11 0 163 2 2 202 1 0 0 0 45 (0)SET
03/10/2004:02:27:06PM:00000052.027:DEBUG:TX:4 0 100 66
03/10/2004:02:27:06PM:00000052.027:DEBUG:RX:11 0 164 8 2 50 0 0 0 0 191 (0)SET
03/10/2004:02:27:07PM:00000052.027:DEBUG:TX:4 0 101 65
03/10/2004:02:27:07PM:00000052.027:DEBUG:RX:11 0 165 8 2 51 232 3 0 0 210 (0)SET
03/10/2004:02:27:07PM:00000052.027:DEBUG:TX:4 0 102 64
03/10/2004:02:27:07PM:00000052.027:DEBUG:RX:11 0 166 16 2 5 1 0 0 0 225 (0)SET
03/10/2004:02:27:07PM:00000052.027:DEBUG:TX:4 0 103 63
03/10/2004:02:27:07PM:00000052.027:DEBUG:RX:11 0 167 2 2 203 1 0 0 0 40 (0)SET
03/10/2004:02:27:07PM:00000052.027:DEBUG:TX:4 0 104 62
03/10/2004:02:27:07PM:00000052.027:DEBUG:RX:11 0 168 2 2 204 1 0 0 0 38 (0)SET
03/10/2004:02:27:07PM:00000052.027:DEBUG:TX:4 0 105 61
03/10/2004:02:27:07PM:00000052.027:DEBUG:RX:11 0 169 8 2 52 208 7 0 0 225 (0)SET
03/10/2004:02:27:07PM:00000052.027:DEBUG:TX:4 0 106 60
03/10/2004:02:27:07PM:00000052.027:DEBUG:RX:11 0 170 16 2 6 40 0 0 0 181 (0)SET
03/10/2004:02:27:07PM:00000052.027:DEBUG:TX:4 0 107 59
03/10/2004:02:27:07PM:00000052.027:DEBUG:RX:11 0 171 8 2 53 140 0 0 0 41 (0)SET
03/10/2004:02:27:07PM:00000052.027:DEBUG:TX:4 0 108 58
03/10/2004:02:27:07PM:00000052.027:DEBUG:RX:11 0 172 2 2 205 1 0 0 0 33 (0)SET
03/10/2004:02:27:07PM:00000052.028:DEBUG:TX:4 0 109 57
03/10/2004:02:27:07PM:00000052.028:DEBUG:RX:11 0 173 16 2 7 25 0 0 0 192 (0)SET
03/10/2004:02:27:07PM:00000052.028:DEBUG:TX:4 0 110 56
03/10/2004:02:27:07PM:00000052.028:DEBUG:RX:11 0 174 2 2 206 1 0 0 0 30 (0)SET
03/10/2004:02:27:07PM:00000052.028:DEBUG:TX:4 0 111 55
03/10/2004:02:27:07PM:00000052.028:DEBUG:RX:11 0 175 8 2 54 50 0 0 0 126 (0)SET
03/10/2004:02:27:07PM:00000052.028:DEBUG:TX:4 0 96 70
03/10/2004:02:27:07PM:00000052.028:DEBUG:RX:11 0 160 8 2 55 140 0 0 0 50 (0)SET
03/10/2004:02:27:07PM:00000052.028:DEBUG:TX:4 0 97 69
03/10/2004:02:27:07PM:00000052.028:DEBUG:RX:11 0 161 16 2 8 65 0 0 0 163 (0)SET
03/10/2004:02:27:07PM:00000052.028:DEBUG:TX:4 0 98 68
03/10/2004:02:27:07PM:00000052.028:DEBUG:RX:11 0 162 2 2 207 1 0 0 0 41 (0)SET
03/10/2004:02:27:07PM:00000052.028:DEBUG:TX:4 0 99 67
03/10/2004:02:27:07PM:00000052.028:DEBUG:RX:11 0 163 2 2 208 1 0 0 0 39 (0)SET
03/10/2004:02:27:07PM:00000052.028:DEBUG:TX:4 0 100 66
03/10/2004:02:27:07PM:00000052.028:DEBUG:RX:11 0 164 8 2 56 140 0 0 0 45 (0)SET
03/10/2004:02:27:08PM:00000052.028:DEBUG:TX:4 0 101 65
03/10/2004:02:27:08PM:00000052.028:DEBUG:RX:11 0 165 16 2 9 65 0 0 0 158 (0)SET
03/10/2004:02:27:08PM:00000052.028:DEBUG:TX:4 0 102 64
03/10/2004:02:27:08PM:00000052.028:DEBUG:RX:11 0 166 8 2 57 100 0 0 0 82 (0)SET
03/10/2004:02:27:08PM:00000052.028:DEBUG:TX:4 0 103 63
03/10/2004:02:27:08PM:00000052.028:DEBUG:RX:11 0 167 16 2 10 10 0 0 0 210 (0)SET
03/10/2004:02:27:08PM:00000052.028:DEBUG:TX:4 0 104 62
03/10/2004:02:27:08PM:00000052.028:DEBUG:RX:11 0 168 8 2 58 150 0 0 0 29 (0)SET
03/10/2004:02:27:08PM:00000052.028:DEBUG:TX:4 0 105 61
03/10/2004:02:27:08PM:00000052.028:DEBUG:RX:11 0 169 8 2 59 100 0 0 0 77 (0)SET
03/10/2004:02:27:08PM:00000052.028:DEBUG:TX:4 0 106 60
03/10/2004:02:27:08PM:00000052.028:DEBUG:RX:11 0 170 16 2 11 30 0 0 0 186 (0)SET
03/10/2004:02:27:08PM:00000052.028:DEBUG:TX:4 0 107 59
03/10/2004:02:27:08PM:00000052.028:DEBUG:RX:11 0 171 8 2 60 196 9 0 0 225 (0)SET
03/10/2004:02:27:08PM:00000052.028:DEBUG:TX:4 0 108 58
03/10/2004:02:27:08PM:00000052.028:DEBUG:RX:11 0 172 16 2 12 83 0 0 0 130 (0)SET
03/10/2004:02:27:08PM:00000052.028:DEBUG:TX:4 0 109 57
03/10/2004:02:27:08PM:00000052.028:DEBUG:RX:11 0 173 8 2 61 232 3 0 0 192 (0)SET
03/10/2004:02:27:08PM:00000052.029:DEBUG:TX:4 0 110 56
03/10/2004:02:27:08PM:00000052.029:DEBUG:RX:11 0 174 8 2 62 100 0 0 0 69 (0)SET
03/10/2004:02:27:08PM:00000052.029:DEBUG:TX:4 0 111 55
03/10/2004:02:27:08PM:00000052.029:DEBUG:RX:11 0 175 16 2 13 200 0 0 0 9 (0)SET
03/10/2004:02:27:08PM:00000052.029:DEBUG:TX:4 0 96 70
03/10/2004:02:27:08PM:00000052.029:DEBUG:RX:11 0 160 8 2 63 0 0 0 0 182 (0)SET
03/10/2004:02:27:08PM:00000052.029:DEBUG:TX:4 0 97 69
03/10/2004:02:27:08PM:00000052.029:DEBUG:RX:11 0 161 16 2 14 100 0 0 0 122 (0)SET
03/10/2004:02:27:08PM:00000052.029:DEBUG:TX:4 0 98 68
03/10/2004:02:27:08PM:00000052.029:DEBUG:RX:11 0 162 8 2 64 0 0 0 0 179 (0)SET
03/10/2004:02:27:08PM:00000052.029:DEBUG:TX:4 0 99 67
03/10/2004:02:27:08PM:00000052.029:DEBUG:RX:11 0 163 8 2 65 0 0 0 0 177 (0)SET
03/10/2004:02:27:08PM:00000052.029:DEBUG:TX:4 0 100 66
03/10/2004:02:27:08PM:00000052.029:DEBUG:RX:11 0 164 16 2 15 200 0 0 0 18 (0)SET
03/10/2004:02:27:08PM:00000052.029:DEBUG:TX:4 0 101 65
03/10/2004:02:27:08PM:00000052.029:DEBUG:RX:11 0 165 8 2 66 2 0 0 0 172 (0)SET
03/10/2004:02:27:09PM:00000052.029:DEBUG:TX:4 0 102 64
03/10/2004:02:27:09PM:00000052.029:DEBUG:RX:11 0 166 16 2 16 5 0 0 0 210 (0)SET
03/10/2004:02:27:09PM:00000052.029:DEBUG:TX:4 0 103 63
03/10/2004:02:27:09PM:00000052.029:DEBUG:RX:11 0 167 8 2 67 0 0 0 0 171 (0)SET
03/10/2004:02:27:09PM:00000052.029:DEBUG:TX:4 0 104 62
03/10/2004:02:27:09PM:00000052.029:DEBUG:RX:11 0 168 8 2 68 0 0 0 0 169 (0)SET
03/10/2004:02:27:09PM:00000052.029:DEBUG:TX:4 0 105 61
03/10/2004:02:27:09PM:00000052.029:DEBUG:RX:11 0 169 16 2 17 167 0 0 0 44 (0)SET
03/10/2004:02:27:09PM:00000052.029:DEBUG:TX:4 0 106 60
03/10/2004:02:27:09PM:00000052.029:DEBUG:RX:11 0 170 8 2 69 0 0 0 0 166 (0)SET
03/10/2004:02:27:09PM:00000052.029:DEBUG:TX:4 0 107 59
03/10/2004:02:27:09PM:00000052.029:DEBUG:RX:11 0 171 16 2 19 0 0 0 0 207 (0)SET
03/10/2004:02:27:09PM:00000052.029:DEBUG:TX:4 0 108 58
03/10/2004:02:27:09PM:00000052.029:DEBUG:RX:11 0 172 8 2 70 100 0 0 0 63 (0)SET
03/10/2004:02:27:09PM:00000052.029:DEBUG:TX:4 0 109 57
03/10/2004:02:27:09PM:00000052.029:DEBUG:RX:11 0 173 8 2 71 200 0 0 0 217 (0)SET
03/10/2004:02:27:09PM:00000052.030:DEBUG:TX:4 0 110 56
03/10/2004:02:27:09PM:00000052.030:DEBUG:RX:11 0 174 16 2 20 160 0 0 0 43 (0)SET
03/10/2004:02:27:09PM:00000052.030:DEBUG:TX:4 0 111 55
03/10/2004:02:27:09PM:00000052.030:DEBUG:RX:11 0 175 8 2 72 0 0 0 0 158 (0)SET
03/10/2004:02:27:09PM:00000052.030:DEBUG:TX:4 0 96 70
03/10/2004:02:27:09PM:00000052.030:DEBUG:RX:11 0 160 16 2 21 32 3 0 0 181 (0)SET
03/10/2004:02:27:09PM:00000052.030:DEBUG:TX:4 0 97 69
03/10/2004:02:27:09PM:00000052.030:DEBUG:RX:11 0 161 8 2 77 100 0 0 0 67 (0)SET
03/10/2004:02:27:09PM:00000052.030:DEBUG:TX:4 0 98 68
03/10/2004:02:27:09PM:00000052.030:DEBUG:RX:11 0 162 8 2 78 0 0 0 0 165 (0)SET
03/10/2004:02:27:09PM:00000052.030:DEBUG:TX:4 0 99 67
03/10/2004:02:27:09PM:00000052.030:DEBUG:RX:11 0 163 16 2 22 31 0 0 0 181 (0)SET
03/10/2004:02:27:09PM:00000052.030:DEBUG:TX:4 0 100 66
03/10/2004:02:27:09PM:00000052.030:DEBUG:RX:11 0 164 8 2 79 100 0 0 0 62 (0)SET
03/10/2004:02:27:09PM:00000052.030:DEBUG:TX:4 0 101 65
03/10/2004:02:27:09PM:00000052.030:DEBUG:RX:11 0 165 16 2 23 3 0 0 0 206 (0)SET
03/10/2004:02:27:09PM:00000052.030:DEBUG:TX:4 0 102 64
03/10/2004:02:27:09PM:00000052.030:DEBUG:RX:11 0 166 8 2 80 0 0 0 0 159 (0)SET
03/10/2004:02:27:10PM:00000052.030:DEBUG:TX:4 0 103 63
03/10/2004:02:27:10PM:00000052.030:DEBUG:RX:11 0 167 8 2 81 0 0 0 0 157 (0)SET
03/10/2004:02:27:10PM:00000052.030:DEBUG:TX:4 0 104 62
03/10/2004:02:27:10PM:00000052.030:DEBUG:RX:11 0 168 16 2 24 244 1 0 0 216 (0)SET
03/10/2004:02:27:10PM:00000052.030:DEBUG:TX:4 0 105 61
03/10/2004:02:27:10PM:00000052.030:DEBUG:RX:11 0 169 8 2 82 0 0 0 0 154 (0)SET
03/10/2004:02:27:10PM:00000052.030:DEBUG:TX:4 0 106 60
03/10/2004:02:27:10PM:00000052.030:DEBUG:RX:11 0 170 16 2 25 200 0 0 0 2 (0)SET
03/10/2004:02:27:10PM:00000052.030:DEBUG:TX:4 0 107 59
03/10/2004:02:27:10PM:00000052.030:DEBUG:RX:11 0 171 8 2 83 0 0 0 0 151 (0)SET
03/10/2004:02:27:10PM:00000052.030:DEBUG:TX:4 0 108 58
03/10/2004:02:27:10PM:00000052.030:DEBUG:RX:11 0 172 8 2 88 137 19 0 0 245 (0)SET
03/10/2004:02:27:10PM:00000052.030:DEBUG:TX:4 0 109 57
03/10/2004:02:27:10PM:00000052.030:DEBUG:RX:11 0 173 16 2 26 200 0 0 0 254 (0)SET
03/10/2004:02:27:10PM:00000052.030:DEBUG:TX:4 0 110 56
03/10/2004:02:27:10PM:00000052.030:DEBUG:RX:11 0 174 8 2 89 137 19 0 0 242 (0)SET
03/10/2004:02:27:10PM:00000052.031:DEBUG:TX:4 0 111 55
03/10/2004:02:27:10PM:00000052.031:DEBUG:RX:11 0 175 16 2 27 224 1 0 0 226 (0)SET
03/10/2004:02:27:10PM:00000052.031:DEBUG:TX:4 0 96 70
03/10/2004:02:27:10PM:00000052.031:DEBUG:RX:11 0 160 8 2 90 0 0 0 0 155 (0)SET
03/10/2004:02:27:10PM:00000052.031:DEBUG:TX:4 0 97 69
03/10/2004:02:27:10PM:00000052.031:DEBUG:RX:11 0 161 8 2 91 0 0 0 0 153 (0)SET
03/10/2004:02:27:10PM:00000052.031:DEBUG:TX:4 0 98 68
03/10/2004:02:27:10PM:00000052.031:DEBUG:RX:11 0 162 16 2 28 224 1 0 0 238 (0)SET
03/10/2004:02:27:10PM:00000052.031:DEBUG:TX:4 0 99 67
03/10/2004:02:27:10PM:00000052.031:DEBUG:RX:11 0 163 8 2 92 1 0 0 0 149 (0)SET
03/10/2004:02:27:10PM:00000052.031:DEBUG:TX:4 0 100 66
03/10/2004:02:27:10PM:00000052.031:DEBUG:RX:11 0 164 16 2 29 0 0 0 0 204 (0)SET
03/10/2004:02:27:10PM:00000052.031:DEBUG:TX:4 0 101 65
03/10/2004:02:27:10PM:00000052.031:DEBUG:RX:11 0 165 8 2 93 1 0 0 0 146 (0)SET
03/10/2004:02:27:10PM:00000052.031:DEBUG:TX:4 0 102 64
03/10/2004:02:27:10PM:00000052.031:DEBUG:RX:11 0 166 8 2 94 0 0 0 0 145 (0)SET
03/10/2004:02:27:11PM:00000052.031:DEBUG:TX:4 0 103 63
03/10/2004:02:27:11PM:00000052.031:DEBUG:RX:11 0 167 16 2 30 5 0 0 0 195 (0)SET
03/10/2004:02:27:11PM:00000052.031:DEBUG:TX:4 0 104 62
03/10/2004:02:27:11PM:00000052.031:DEBUG:RX:11 0 168 8 2 95 0 0 0 0 142 (0)SET
03/10/2004:02:27:11PM:00000052.031:DEBUG:TX:4 0 105 61
03/10/2004:02:27:11PM:00000052.031:DEBUG:RX:11 0 169 16 2 31 1 0 0 0 196 (0)SET
03/10/2004:02:27:11PM:00000052.031:DEBUG:TX:4 0 106 60
03/10/2004:02:27:11PM:00000052.031:DEBUG:RX:11 0 170 8 2 96 0 0 0 0 139 (0)SET
03/10/2004:02:27:11PM:00000052.031:DEBUG:TX:4 0 107 59
03/10/2004:02:27:11PM:00000052.031:DEBUG:RX:11 0 171 8 2 97 0 0 0 0 137 (0)SET
03/10/2004:02:27:11PM:00000052.031:DEBUG:TX:4 0 108 58
03/10/2004:02:27:11PM:00000052.031:DEBUG:RX:11 0 172 16 2 32 0 0 0 0 193 (0)SET
03/10/2004:02:27:11PM:00000052.031:DEBUG:TX:4 0 109 57
03/10/2004:02:27:11PM:00000052.031:DEBUG:RX:11 0 173 8 2 101 0 0 0 0 131 (0)SET
03/10/2004:02:27:11PM:00000052.031:DEBUG:TX:4 0 110 56
03/10/2004:02:27:11PM:00000052.031:DEBUG:RX:11 0 174 16 2 33 244 1 0 0 201 (0)SET
03/10/2004:02:27:11PM:00000052.031:DEBUG:TX:4 0 111 55
03/10/2004:02:27:11PM:00000052.031:DEBUG:RX:11 0 175 8 2 102 1 0 0 0 127 (0)SET
03/10/2004:02:27:11PM:00000052.032:DEBUG:TX:4 0 96 70
03/10/2004:02:27:11PM:00000052.032:DEBUG:RX:11 0 160 8 2 103 1 0 0 0 141 (0)SET
03/10/2004:02:27:11PM:00000052.032:DEBUG:TX:4 0 97 69
03/10/2004:02:27:11PM:00000052.032:DEBUG:RX:11 0 161 16 2 34 244 1 0 0 213 (0)SET
03/10/2004:02:27:11PM:00000052.032:DEBUG:TX:4 0 98 68
03/10/2004:02:27:11PM:00000052.032:DEBUG:RX:11 0 162 8 2 104 0 0 0 0 139 (0)SET
03/10/2004:02:27:11PM:00000052.032:DEBUG:TX:4 0 99 67
03/10/2004:02:27:11PM:00000052.032:DEBUG:RX:11 0 163 16 2 35 15 0 0 0 184 (0)SET
03/10/2004:02:27:11PM:00000052.032:DEBUG:TX:4 0 100 66
03/10/2004:02:27:11PM:00000052.032:DEBUG:RX:11 0 164 8 2 105 1 0 0 0 135 (0)SET
03/10/2004:02:27:11PM:00000052.032:DEBUG:TX:4 0 101 65
03/10/2004:02:27:11PM:00000052.032:DEBUG:RX:11 0 165 8 2 106 1 0 0 0 133 (0)SET
03/10/2004:02:27:11PM:00000052.032:DEBUG:TX:4 0 102 64
03/10/2004:02:27:11PM:00000052.032:DEBUG:RX:11 0 166 16 2 36 25 0 0 0 170 (0)SET
03/10/2004:02:27:11PM:00000052.032:DEBUG:TX:4 0 103 63
03/10/2004:02:27:11PM:00000052.032:DEBUG:RX:11 0 167 8 2 107 1 0 0 0 130 (0)SET
03/10/2004:02:27:12PM:00000052.032:DEBUG:TX:4 0 104 62
03/10/2004:02:27:12PM:00000052.032:DEBUG:RX:11 0 168 16 2 37 224 1 0 0 223 (0)SET
03/10/2004:02:27:12PM:00000052.032:DEBUG:TX:4 0 105 61
03/10/2004:02:27:12PM:00000052.032:DEBUG:RX:11 0 169 8 2 108 1 0 0 0 127 (0)SET
03/10/2004:02:27:12PM:00000052.032:DEBUG:TX:4 0 106 60
03/10/2004:02:27:12PM:00000052.032:DEBUG:RX:11 0 170 8 2 109 1 0 0 0 125 (0)SET
03/10/2004:02:27:12PM:00000052.032:DEBUG:TX:4 0 107 59
03/10/2004:02:27:12PM:00000052.032:DEBUG:RX:11 0 171 16 2 38 224 1 0 0 219 (0)SET
03/10/2004:02:27:12PM:00000052.032:DEBUG:TX:4 0 108 58
03/10/2004:02:27:12PM:00000052.032:DEBUG:RX:11 0 172 8 2 201 1 0 0 0 31 (0)SET
03/10/2004:02:27:12PM:00000052.032:DEBUG:TX:4 0 109 57
03/10/2004:02:27:12PM:00000052.032:DEBUG:RX:11 0 173 16 2 39 5 0 0 0 180 (0)SET
03/10/2004:02:27:12PM:00000052.032:DEBUG:TX:4 0 110 56
03/10/2004:02:27:12PM:00000052.032:DEBUG:RX:11 0 174 8 2 202 1 0 0 0 28 (0)SET
03/10/2004:02:27:12PM:00000052.032:DEBUG:TX:4 0 111 55
03/10/2004:02:27:12PM:00000052.032:DEBUG:RX:11 0 175 8 2 203 1 0 0 0 26 (0)SET
03/10/2004:02:27:12PM:00000052.033:DEBUG:TX:4 0 96 70
03/10/2004:02:27:12PM:00000052.033:DEBUG:RX:11 0 160 16 2 40 1 0 0 0 196 (0)SET
03/10/2004:02:27:12PM:00000052.033:DEBUG:TX:4 0 97 69
03/10/2004:02:27:12PM:00000052.033:DEBUG:RX:11 0 161 8 2 204 1 0 0 0 39 (0)SET
03/10/2004:02:27:12PM:00000052.033:DEBUG:TX:4 0 98 68
03/10/2004:02:27:12PM:00000052.033:DEBUG:RX:11 0 162 16 2 41 0 0 0 0 194 (0)SET
03/10/2004:02:27:12PM:00000052.033:DEBUG:TX:4 0 99 67
03/10/2004:02:27:12PM:00000052.033:DEBUG:RX:11 0 163 8 2 205 1 0 0 0 36 (0)SET
03/10/2004:02:27:12PM:00000052.033:DEBUG:TX:4 0 100 66
03/10/2004:02:27:12PM:00000052.033:DEBUG:RX:11 0 164 8 2 206 1 0 0 0 34 (0)SET
03/10/2004:02:27:12PM:00000052.033:DEBUG:TX:4 0 101 65
03/10/2004:02:27:12PM:00000052.033:DEBUG:RX:11 0 165 16 2 42 15 0 0 0 175 (0)SET
03/10/2004:02:27:12PM:00000052.033:DEBUG:TX:4 0 102 64
03/10/2004:02:27:12PM:00000052.033:DEBUG:RX:11 0 166 8 2 207 1 0 0 0 31 (0)SET
03/10/2004:02:27:12PM:00000052.033:DEBUG:TX:4 0 103 63
03/10/2004:02:27:12PM:00000052.033:DEBUG:RX:11 0 167 16 2 43 25 0 0 0 162 (0)SET
03/10/2004:02:27:12PM:00000052.033:DEBUG:TX:4 0 104 62
03/10/2004:02:27:12PM:00000052.033:DEBUG:RX:11 0 168 8 2 208 1 0 0 0 28 (0)SET
03/10/2004:02:27:13PM:00000052.033:DEBUG:TX:4 0 105 61
03/10/2004:02:27:13PM:00000052.033:DEBUG:RX:11 0 169 16 2 44 25 0 0 0 159 (0)SET
03/10/2004:02:27:13PM:00000052.033:DEBUG:TX:4 0 106 60
03/10/2004:02:27:13PM:00000052.033:DEBUG:RX:11 0 170 16 2 45 100 0 0 0 82 (0)SET
03/10/2004:02:27:13PM:00000052.033:DEBUG:TX:4 0 107 59
03/10/2004:02:27:13PM:00000052.033:DEBUG:RX:11 0 171 16 2 46 167 0 0 0 13 (0)SET
03/10/2004:02:27:13PM:00000052.033:DEBUG:TX:4 0 108 58
03/10/2004:02:27:13PM:00000052.033:DEBUG:RX:11 0 172 16 2 47 25 0 0 0 153 (0)SET
03/10/2004:02:27:13PM:00000052.033:DEBUG:TX:4 0 109 57
03/10/2004:02:27:13PM:00000052.033:DEBUG:RX:11 0 173 16 2 48 0 0 0 0 176 (0)SET
03/10/2004:02:27:13PM:00000052.033:DEBUG:TX:4 0 110 56
03/10/2004:02:27:13PM:00000052.033:DEBUG:RX:11 0 174 16 2 49 200 0 0 0 230 (0)SET
03/10/2004:02:27:13PM:00000052.033:DEBUG:TX:4 0 111 55
03/10/2004:02:27:13PM:00000052.033:DEBUG:RX:11 0 175 16 2 50 0 0 0 0 172 (0)SET
03/10/2004:02:27:13PM:00000052.033:DEBUG:TX:4 0 96 70
03/10/2004:02:27:13PM:00000052.033:DEBUG:RX:11 0 160 16 2 51 232 3 0 0 207 (0)SET
03/10/2004:02:27:13PM:00000052.034:DEBUG:TX:4 0 97 69
03/10/2004:02:27:13PM:00000052.034:DEBUG:RX:11 0 161 16 2 52 208 7 0 0 225 (0)SET
03/10/2004:02:27:13PM:00000052.034:DEBUG:TX:4 0 98 68
03/10/2004:02:27:13PM:00000052.034:DEBUG:RX:11 0 162 16 2 53 140 0 0 0 42 (0)SET
03/10/2004:02:27:13PM:00000052.034:DEBUG:TX:4 0 99 67
03/10/2004:02:27:13PM:00000052.034:DEBUG:RX:11 0 163 16 2 54 50 0 0 0 130 (0)SET
03/10/2004:02:27:13PM:00000052.034:DEBUG:TX:4 0 100 66
03/10/2004:02:27:13PM:00000052.034:DEBUG:RX:11 0 164 16 2 55 140 0 0 0 38 (0)SET
03/10/2004:02:27:13PM:00000052.034:DEBUG:TX:4 0 101 65
03/10/2004:02:27:13PM:00000052.034:DEBUG:RX:11 0 165 16 2 56 140 0 0 0 36 (0)SET
03/10/2004:02:27:13PM:00000052.034:DEBUG:TX:4 0 102 64
03/10/2004:02:27:13PM:00000052.034:DEBUG:RX:11 0 166 16 2 57 100 0 0 0 74 (0)SET
03/10/2004:02:27:13PM:00000052.034:DEBUG:TX:4 0 103 63
03/10/2004:02:27:13PM:00000052.034:DEBUG:RX:11 0 167 16 2 58 150 0 0 0 22 (0)SET
03/10/2004:02:27:13PM:00000052.034:DEBUG:TX:4 0 104 62
03/10/2004:02:27:13PM:00000052.034:DEBUG:RX:11 0 168 16 2 59 100 0 0 0 70 (0)SET
03/10/2004:02:27:14PM:00000052.034:DEBUG:TX:4 0 105 61
03/10/2004:02:27:14PM:00000052.034:DEBUG:RX:11 0 169 16 2 60 196 9 0 0 219 (0)SET
03/10/2004:02:27:14PM:00000052.034:DEBUG:TX:4 0 106 60
03/10/2004:02:27:14PM:00000052.034:DEBUG:RX:11 0 170 16 2 61 232 3 0 0 187 (0)SET
03/10/2004:02:27:14PM:00000052.034:DEBUG:TX:4 0 107 59
03/10/2004:02:27:14PM:00000052.034:DEBUG:RX:11 0 171 16 2 62 100 0 0 0 64 (0)SET
03/10/2004:02:27:14PM:00000052.034:DEBUG:TX:4 0 108 58
03/10/2004:02:27:14PM:00000052.034:DEBUG:RX:11 0 172 16 2 63 0 0 0 0 162 (0)SET
03/10/2004:02:27:14PM:00000052.034:DEBUG:TX:4 0 109 57
03/10/2004:02:27:14PM:00000052.034:DEBUG:RX:11 0 173 16 2 64 0 0 0 0 160 (0)SET
03/10/2004:02:27:14PM:00000052.034:DEBUG:TX:4 0 110 56
03/10/2004:02:27:14PM:00000052.034:DEBUG:RX:11 0 174 16 2 65 0 0 0 0 158 (0)SET
03/10/2004:02:27:14PM:00000052.034:DEBUG:TX:4 0 111 55
03/10/2004:02:27:14PM:00000052.034:DEBUG:RX:11 0 175 16 2 66 2 0 0 0 154 (0)SET
03/10/2004:02:27:14PM:00000052.034:DEBUG:TX:4 0 96 70
03/10/2004:02:27:14PM:00000052.034:DEBUG:RX:11 0 160 16 2 67 0 0 0 0 170 (0)SET
03/10/2004:02:27:14PM:00000052.035:DEBUG:TX:4 0 97 69
03/10/2004:02:27:14PM:00000052.035:DEBUG:RX:11 0 161 16 2 68 0 0 0 0 168 (0)SET
03/10/2004:02:27:14PM:00000052.035:DEBUG:TX:4 0 98 68
03/10/2004:02:27:14PM:00000052.035:DEBUG:RX:11 0 162 16 2 69 0 0 0 0 166 (0)SET
03/10/2004:02:27:14PM:00000052.035:DEBUG:TX:4 0 99 67
03/10/2004:02:27:14PM:00000052.035:DEBUG:RX:11 0 163 16 2 70 100 0 0 0 64 (0)SET
03/10/2004:02:27:14PM:00000052.035:DEBUG:TX:4 0 100 66
03/10/2004:02:27:14PM:00000052.035:DEBUG:RX:11 0 164 16 2 71 200 0 0 0 218 (0)SET
03/10/2004:02:27:14PM:00000052.035:DEBUG:TX:4 0 101 65
03/10/2004:02:27:14PM:00000052.035:DEBUG:RX:11 0 165 16 2 72 0 0 0 0 160 (0)SET
03/10/2004:02:27:14PM:00000052.035:DEBUG:TX:4 0 102 64
03/10/2004:02:27:14PM:00000052.035:DEBUG:RX:11 0 166 16 2 77 100 0 0 0 54 (0)SET
03/10/2004:02:27:14PM:00000052.035:DEBUG:TX:4 0 103 63
03/10/2004:02:27:14PM:00000052.035:DEBUG:RX:11 0 167 16 2 78 0 0 0 0 152 (0)SET
03/10/2004:02:27:14PM:00000052.035:DEBUG:TX:4 0 104 62
03/10/2004:02:27:14PM:00000052.035:DEBUG:RX:11 0 168 16 2 79 100 0 0 0 50 (0)SET
03/10/2004:02:27:14PM:00000052.035:DEBUG:TX:4 0 105 61
03/10/2004:02:27:14PM:00000052.035:DEBUG:RX:11 0 169 16 2 80 0 0 0 0 148 (0)SET
03/10/2004:02:27:15PM:00000052.035:DEBUG:TX:4 0 106 60
03/10/2004:02:27:15PM:00000052.035:DEBUG:RX:11 0 170 16 2 81 0 0 0 0 146 (0)SET
03/10/2004:02:27:15PM:00000052.035:DEBUG:TX:4 0 107 59
03/10/2004:02:27:15PM:00000052.035:DEBUG:RX:11 0 171 16 2 82 0 0 0 0 144 (0)SET
03/10/2004:02:27:15PM:00000052.035:DEBUG:TX:4 0 108 58
03/10/2004:02:27:15PM:00000052.035:DEBUG:RX:11 0 172 16 2 83 0 0 0 0 142 (0)SET
03/10/2004:02:27:15PM:00000052.035:DEBUG:TX:4 0 109 57
03/10/2004:02:27:15PM:00000052.035:DEBUG:RX:11 0 173 16 2 88 137 19 0 0 236 (0)SET
03/10/2004:02:27:15PM:00000052.035:DEBUG:TX:4 0 110 56
03/10/2004:02:27:15PM:00000052.035:DEBUG:RX:11 0 174 16 2 89 137 19 0 0 234 (0)SET
03/10/2004:02:27:15PM:00000052.035:DEBUG:TX:4 0 111 55
03/10/2004:02:27:15PM:00000052.035:DEBUG:RX:11 0 175 16 2 90 0 0 0 0 132 (0)SET
03/10/2004:02:27:15PM:00000052.035:DEBUG:TX:4 0 96 70
03/10/2004:02:27:15PM:00000052.035:DEBUG:RX:11 0 160 16 2 91 0 0 0 0 146 (0)SET
03/10/2004:02:27:15PM:00000052.035:DEBUG:TX:4 0 97 69
03/10/2004:02:27:15PM:00000052.035:DEBUG:RX:11 0 161 16 2 92 1 0 0 0 143 (0)SET
03/10/2004:02:27:15PM:00000052.036:DEBUG:TX:4 0 98 68
03/10/2004:02:27:15PM:00000052.036:DEBUG:RX:11 0 162 16 2 93 1 0 0 0 141 (0)SET
03/10/2004:02:27:15PM:00000052.036:DEBUG:TX:4 0 99 67
03/10/2004:02:27:15PM:00000052.036:DEBUG:RX:11 0 163 16 2 94 0 0 0 0 140 (0)SET
03/10/2004:02:27:15PM:00000052.036:DEBUG:TX:4 0 100 66
03/10/2004:02:27:15PM:00000052.036:DEBUG:RX:11 0 164 16 2 95 0 0 0 0 138 (0)SET
03/10/2004:02:27:15PM:00000052.036:DEBUG:TX:4 0 101 65
03/10/2004:02:27:15PM:00000052.036:DEBUG:RX:11 0 165 16 2 96 0 0 0 0 136 (0)SET
03/10/2004:02:27:15PM:00000052.036:DEBUG:TX:4 0 102 64
03/10/2004:02:27:15PM:00000052.036:DEBUG:RX:11 0 166 16 2 97 0 0 0 0 134 (0)SET
03/10/2004:02:27:15PM:00000052.036:DEBUG:TX:4 0 103 63
03/10/2004:02:27:15PM:00000052.036:DEBUG:RX:11 0 167 16 2 101 1 0 0 0 128 (0)SET
03/10/2004:02:27:15PM:00000052.036:DEBUG:TX:4 0 104 62
03/10/2004:02:27:15PM:00000052.036:DEBUG:RX:11 0 168 16 2 102 1 0 0 0 126 (0)SET
03/10/2004:02:27:15PM:00000052.036:DEBUG:TX:4 0 105 61
03/10/2004:02:27:15PM:00000052.036:DEBUG:RX:11 0 169 16 2 103 1 0 0 0 124 (0)SET
03/10/2004:02:27:15PM:00000052.036:DEBUG:TX:4 0 106 60
03/10/2004:02:27:15PM:00000052.036:DEBUG:RX:11 0 170 16 2 104 1 0 0 0 122 (0)SET
03/10/2004:02:27:16PM:00000052.036:DEBUG:TX:4 0 107 59
03/10/2004:02:27:16PM:00000052.036:DEBUG:RX:11 0 171 16 2 105 1 0 0 0 120 (0)SET
03/10/2004:02:27:16PM:00000052.036:DEBUG:TX:4 0 108 58
03/10/2004:02:27:16PM:00000052.036:DEBUG:RX:11 0 172 16 2 106 1 0 0 0 118 (0)SET
03/10/2004:02:27:16PM:00000052.036:DEBUG:TX:4 0 109 57
03/10/2004:02:27:16PM:00000052.036:DEBUG:RX:11 0 173 16 2 107 1 0 0 0 116 (0)SET
03/10/2004:02:27:16PM:00000052.036:DEBUG:TX:4 0 110 56
03/10/2004:02:27:16PM:00000052.036:DEBUG:RX:11 0 174 16 2 108 1 0 0 0 114 (0)SET
03/10/2004:02:27:16PM:00000052.036:DEBUG:TX:4 0 111 55
03/10/2004:02:27:16PM:00000052.036:DEBUG:RX:11 0 175 16 2 109 1 0 0 0 112 (0)SET
03/10/2004:02:27:16PM:00000052.036:DEBUG:TX:4 0 96 70
03/10/2004:02:27:16PM:00000052.036:DEBUG:RX:11 0 160 16 2 201 1 0 0 0 35 (0)SET
03/10/2004:02:27:16PM:00000052.036:DEBUG:TX:4 0 97 69
03/10/2004:02:27:16PM:00000052.036:DEBUG:RX:11 0 161 16 2 202 1 0 0 0 33 (0)SET
03/10/2004:02:27:16PM:00000052.036:DEBUG:TX:4 0 98 68
03/10/2004:02:27:16PM:00000052.036:DEBUG:RX:11 0 162 16 2 203 1 0 0 0 31 (0)SET
03/10/2004:02:27:16PM:00000052.037:DEBUG:TX:4 0 99 67
03/10/2004:02:27:16PM:00000052.037:DEBUG:RX:11 0 163 16 2 204 1 0 0 0 29 (0)SET
03/10/2004:02:27:16PM:00000052.037:DEBUG:TX:4 0 100 66
03/10/2004:02:27:16PM:00000052.037:DEBUG:RX:11 0 164 16 2 205 1 0 0 0 27 (0)SET
03/10/2004:02:27:16PM:00000052.037:DEBUG:TX:4 0 101 65
03/10/2004:02:27:16PM:00000052.037:DEBUG:RX:11 0 165 16 2 206 1 0 0 0 25 (0)SET
03/10/2004:02:27:16PM:00000052.037:DEBUG:TX:4 0 102 64
03/10/2004:02:27:16PM:00000052.037:DEBUG:RX:11 0 166 16 2 207 1 0 0 0 23 (0)SET
03/10/2004:02:27:16PM:00000052.037:DEBUG:TX:4 0 103 63
03/10/2004:02:27:16PM:00000052.037:DEBUG:RX:11 0 167 16 2 208 1 0 0 0 21 (0)SET
03/10/2004:02:27:35PM:00000052.055:DEBUG:TX:11 0 166 1 1 3 0 0 0 0 244
03/10/2004:02:27:35PM:00000052.055:DEBUG:TX:11 0 167 1 1 8 0 0 0 0 238
03/10/2004:02:27:35PM:00000052.055:DEBUG:TX:11 0 168 1 1 16 0 0 0 0 229
03/10/2004:02:27:35PM:00000052.055:DEBUG:RX:4 0 102 64 (0)ACK
03/10/2004:02:27:35PM:00000052.055:DEBUG:TX:4 0 104 62
03/10/2004:02:27:35PM:00000052.055:ERROR:RX:8 0 168 1 17 1 3 228 (0)ERROR
03/10/2004:02:27:35PM:00000052.055:DEBUG:RX:4 0 103 63 (0)ACK
03/10/2004:02:27:35PM:00000052.055:DEBUG:RX:4 0 104 62 (0)ACK
03/10/2004:02:27:35PM:00000052.056:DEBUG:TX:4 0 105 61
03/10/2004:02:27:35PM:00000052.056:ERROR:RX:8 0 169 1 17 1 8 222 (0)ERROR
03/10/2004:02:27:35PM:00000052.056:DEBUG:TX:4 0 106 60
03/10/2004:02:27:35PM:00000052.056:ERROR:RX:8 0 170 1 17 1 16 213 (0)ERROR
